"variable"	"age_group"	"sex"	"cancer_site"	"rate_type"	"Model"	"#Obs"	"#Param"	"DF"	"SSE"	"MSE"	"Auto Corr"	"Segment"	"Joinpoint"	"Joinpoint 95% LCL"	"Joinpoint 95% UCL"	"Intercept Estimate"	"Intercept Std Error"	"Intercept Test Statistic"	"Intercept P-Value"	"Slope Estimate"	"Slope Std Error"	"Slope Test Statistic"	"Slope P-Value"	"SlopeChg Estimate"	"SlopeChg Std Error"	"SlopeChg Test Statistic"	"SlopeChg P-Value"	"Covar-Int vs Int"	"Covar-Int vs Slope"	"Covar-Slope vs Slope"	"Corr-Int vs Int"	"Corr-Int vs Slope"	"Corr-Slope vs Slope"
BMI	20-49	Men	Colorectum	Rate	0	15	2	13	0.019912	0.001532	Uncorrelated	0	NA	NA	NA	-47.532365	4.705824	-10.100752	0.000000	0.024737	0.002339	10.576489	0.000000	NA	NA	NA	NA	22.144782	-0.011006	0.000005	1.000000	-0.999998	1.000000
BMI	20-49	Men	Colorectum	attributable_rate	1	15	4	11	0.017244	0.001568	Uncorrelated	0	NA	NA	NA	-94.735133	12.796098	-7.403439	0.000023	0.047288	0.006371	7.422356	0.000023	NA	NA	NA	NA	163.740120	0.000000	396.112796	1.000000	0.000000	1.000000
BMI	20-49	Men	Colorectum	attributable_rate	1	15	4	11	0.017244	0.001568	Uncorrelated	1	2013	2010	2017	-34.700217	19.902583	-1.743503	0.111850	0.017464	0.009870	1.769426	0.107252	-0.029824	0.011747	-2.538723	0.029428	0.000041	0.000000	0.000097	1.000000	0.000000	1.000000
BMI	20-49	Men	Colorectum	non_attributable_rate	0	15	2	13	0.019858	0.001528	Uncorrelated	0	NA	NA	NA	-43.910209	4.699427	-9.343736	0.000000	0.022854	0.002336	9.784549	0.000000	NA	NA	NA	NA	22.084618	-0.010976	0.000005	1.000000	-0.999998	1.000000
BMI	20-49	Men	Gallbladder	Rate	0	15	2	13	0.616236	0.047403	Uncorrelated	0	NA	NA	NA	-55.065904	26.178916	-2.103445	0.055465	0.026672	0.013011	2.049931	0.061104	NA	NA	NA	NA	685.335663	-0.340623	0.000169	1.000000	-0.999998	1.000000
BMI	20-49	Men	Gallbladder	attributable_rate	0	15	2	13	0.779615	0.059970	Uncorrelated	0	NA	NA	NA	-108.941235	29.445471	-3.699762	0.002671	0.052285	0.014635	3.572605	0.003406	NA	NA	NA	NA	867.035741	-0.430930	0.000214	1.000000	-0.999998	1.000000
BMI	20-49	Men	Gallbladder	non_attributable_rate	0	15	2	13	0.604799	0.046523	Uncorrelated	0	NA	NA	NA	-49.944602	25.934862	-1.925771	0.076287	0.024076	0.012890	1.867828	0.084490	NA	NA	NA	NA	672.617087	-0.334301	0.000166	1.000000	-0.999998	1.000000
BMI	20-49	Men	Kidney	Rate	1	15	4	11	0.013627	0.001239	Uncorrelated	0	NA	NA	NA	-115.344752	6.366191	-18.118330	0.000000	0.058090	0.003167	18.340860	0.000000	NA	NA	NA	NA	40.528388	0.000000	2246.835212	1.000000	0.000000	1.000000
BMI	20-49	Men	Kidney	Rate	1	15	4	11	0.013627	0.001239	Uncorrelated	1	2016	2013	2017	43.765962	47.400793	0.923317	0.377582	-0.020834	0.023489	-0.886959	0.395931	-0.078924	0.023702	-3.329905	0.007619	0.000010	0.000000	0.000552	1.000000	0.000000	1.000000
BMI	20-49	Men	Kidney	attributable_rate	1	15	4	11	0.013828	0.001257	Uncorrelated	0	NA	NA	NA	-168.940729	9.267630	-18.229119	0.000000	0.083889	0.004613	18.185116	0.000000	NA	NA	NA	NA	85.888962	0.000000	519.445543	1.000000	0.000000	1.000000
BMI	20-49	Men	Kidney	attributable_rate	1	15	4	11	0.013828	0.001257	Uncorrelated	1	2014	2013	2016	-9.144237	22.791348	-0.401215	0.696701	0.004546	0.011300	0.402318	0.695915	-0.079343	0.012205	-6.500853	0.000069	0.000021	0.000000	0.000128	1.000000	0.000000	1.000000
BMI	20-49	Men	Kidney	non_attributable_rate	1	15	4	11	0.013523	0.001229	Uncorrelated	0	NA	NA	NA	-108.427891	6.442415	-16.830317	0.000000	0.054554	0.003205	17.020734	0.000000	NA	NA	NA	NA	41.504715	0.000000	2300.961363	1.000000	0.000000	1.000000
BMI	20-49	Men	Kidney	non_attributable_rate	1	15	4	11	0.013523	0.001229	Uncorrelated	1	2016	2013	2017	36.536763	47.968337	0.761685	0.463833	-0.017353	0.023770	-0.730013	0.482133	-0.071907	0.023985	-2.997957	0.013390	0.000010	0.000000	0.000565	1.000000	0.000000	1.000000
BMI	20-49	Men	Liver	Rate	0	15	2	13	0.252342	0.019411	Uncorrelated	0	NA	NA	NA	-20.307935	16.752251	-1.212251	0.246988	0.010198	0.008326	1.224864	0.242358	NA	NA	NA	NA	280.637927	-0.139481	0.000069	1.000000	-0.999998	1.000000
BMI	20-49	Men	Liver	attributable_rate	1	15	4	11	0.178096	0.016191	Uncorrelated	0	NA	NA	NA	-251.017814	115.737804	-2.168849	0.055277	0.124269	0.057681	2.154398	0.056643	NA	NA	NA	NA	13395.239174	0.000000	818.320614	1.000000	0.000000	1.000000
BMI	20-49	Men	Liver	attributable_rate	1	15	4	11	0.178096	0.016191	Uncorrelated	1	2009	2007	2017	1.816600	28.606304	0.063503	0.950617	-0.001582	0.014200	-0.111416	0.913491	-0.125851	0.059404	-2.118572	0.060168	0.003327	0.000000	0.000202	1.000000	0.000000	1.000000
BMI	20-49	Men	Liver	non_attributable_rate	0	15	2	13	0.237417	0.018263	Uncorrelated	0	NA	NA	NA	-13.591203	16.249266	-0.836419	0.418029	0.006755	0.008076	0.836421	0.418028	NA	NA	NA	NA	264.038638	-0.131231	0.000065	1.000000	-0.999998	1.000000
BMI	20-49	Men	MultipleMyeloma	Rate	0	15	2	13	0.223596	0.017200	Uncorrelated	0	NA	NA	NA	-77.392623	15.769234	-4.907824	0.000286	0.038641	0.007838	4.930215	0.000275	NA	NA	NA	NA	248.668735	-0.123592	0.000061	1.000000	-0.999998	1.000000
BMI	20-49	Men	MultipleMyeloma	attributable_rate	1	15	4	11	0.141828	0.012893	Uncorrelated	0	NA	NA	NA	-167.799946	29.826323	-5.625901	0.000220	0.082400	0.014850	5.548831	0.000244	NA	NA	NA	NA	889.609556	0.000000	2152.103768	1.000000	0.000000	1.000000
BMI	20-49	Men	MultipleMyeloma	attributable_rate	1	15	4	11	0.141828	0.012893	Uncorrelated	1	2013	2010	2017	1.125557	46.390772	0.024263	0.981121	-0.001517	0.023006	-0.065937	0.948727	-0.083917	0.027382	-3.064675	0.011949	0.000221	0.000000	0.000529	1.000000	0.000000	1.000000
BMI	20-49	Men	MultipleMyeloma	non_attributable_rate	0	15	2	13	0.221336	0.017026	Uncorrelated	0	NA	NA	NA	-75.647748	15.689333	-4.821604	0.000334	0.037730	0.007798	4.838531	0.000324	NA	NA	NA	NA	246.155170	-0.122343	0.000061	1.000000	-0.999998	1.000000
BMI	20-49	Men	Pancreas	Rate	0	15	2	13	0.052837	0.004064	Uncorrelated	0	NA	NA	NA	-34.578178	7.665651	-4.510795	0.000586	0.017413	0.003810	4.570433	0.000525	NA	NA	NA	NA	58.762208	-0.029206	0.000015	1.000000	-0.999998	1.000000
BMI	20-49	Men	Pancreas	attributable_rate	1	15	4	11	0.044417	0.004038	Uncorrelated	0	NA	NA	NA	-117.085049	20.583412	-5.688321	0.000202	0.057364	0.010248	5.597483	0.000228	NA	NA	NA	NA	423.676845	0.000000	1024.940131	1.000000	0.000000	1.000000
BMI	20-49	Men	Pancreas	attributable_rate	1	15	4	11	0.044417	0.004038	Uncorrelated	1	2013	2007	2016	-2.348483	32.014686	-0.073356	0.942969	0.000366	0.015876	0.023054	0.982061	-0.056998	0.018897	-3.016292	0.012977	0.000105	0.000000	0.000252	1.000000	0.000000	1.000000
BMI	20-49	Men	Pancreas	non_attributable_rate	0	15	2	13	0.050696	0.003900	Uncorrelated	0	NA	NA	NA	-30.564667	7.508728	-4.070552	0.001324	0.015360	0.003732	4.115831	0.001217	NA	NA	NA	NA	56.380989	-0.028022	0.000014	1.000000	-0.999998	1.000000
BMI	20-49	Men	Thyroid	Rate	1	15	4	11	0.023042	0.002095	Uncorrelated	0	NA	NA	NA	-167.806452	17.793869	-9.430577	0.000003	0.083856	0.008861	9.462929	0.000003	NA	NA	NA	NA	316.621767	0.000000	319.149673	1.000000	0.000000	1.000000
BMI	20-49	Men	Thyroid	Rate	1	15	4	11	0.023042	0.002095	Uncorrelated	1	2012	2009	2014	-59.502060	17.864761	-3.330695	0.007609	0.030026	0.008861	3.388414	0.006904	-0.053829	0.012532	-4.295331	0.001573	0.000079	0.000000	0.000079	1.000000	0.000000	1.000000
BMI	20-49	Men	Thyroid	attributable_rate	2	15	6	9	0.013151	0.001461	Uncorrelated	0	NA	NA	NA	-110.435803	78.858688	-1.400427	0.204119	0.053975	0.039321	1.372660	0.212218	NA	NA	NA	NA	6218.692710	0.000000	0.000387	1.000000	0.000000	1.000000
BMI	20-49	Men	Thyroid	attributable_rate	2	15	6	9	0.013151	0.001461	Uncorrelated	1	2007	2007	2013	-286.852306	39.498158	-7.262422	0.000168	0.141875	0.019661	7.216221	0.000175	0.087901	0.043962	1.999447	0.085689	0.001546	0.000000	74.772279	1.000000	0.000000	1.000000
BMI	20-49	Men	Thyroid	attributable_rate	2	15	6	9	0.013151	0.001461	Uncorrelated	2	2011	2010	2017	-67.870103	8.647097	-7.848889	0.000103	0.032983	0.004290	7.687833	0.000117	-0.108892	0.020123	-5.411257	0.000996	1560.104507	0.000000	0.000018	1.000000	0.000000	1.000000
BMI	20-49	Men	Thyroid	non_attributable_rate	1	15	4	11	0.022969	0.002088	Uncorrelated	0	NA	NA	NA	-162.972701	17.767158	-9.172694	0.000003	0.081406	0.008848	9.200315	0.000003	NA	NA	NA	NA	315.671915	0.000000	318.192237	1.000000	0.000000	1.000000
BMI	20-49	Men	Thyroid	non_attributable_rate	1	15	4	11	0.022969	0.002088	Uncorrelated	1	2012	2009	2014	-59.615590	17.837944	-3.342066	0.007464	0.030036	0.008848	3.394564	0.006833	-0.051370	0.012513	-4.105285	0.002127	0.000078	0.000000	0.000078	1.000000	0.000000	1.000000
BMI	20-49	Women	Colorectum	Rate	0	15	2	13	0.029389	0.002261	Uncorrelated	0	NA	NA	NA	-64.507608	5.717032	-11.283409	0.000000	0.033160	0.002841	11.670047	0.000000	NA	NA	NA	NA	32.684450	-0.016245	0.000008	1.000000	-0.999998	1.000000
BMI	20-49	Women	Colorectum	attributable_rate	2	15	6	9	0.012591	0.001399	Uncorrelated	0	NA	NA	NA	-43.917949	50.093370	-0.876722	0.409715	0.021840	0.024972	0.874575	0.410805	NA	NA	NA	NA	2509.345763	0.000000	0.000624	1.000000	0.000000	1.000000
BMI	20-49	Women	Colorectum	attributable_rate	2	15	6	9	0.012591	0.001399	Uncorrelated	1	2008	2007	2014	-179.460746	50.193258	-3.575395	0.009032	0.089341	0.024972	3.577684	0.009004	0.067501	0.035315	1.911386	0.097558	0.000624	0.000000	181.030614	1.000000	0.000000	1.000000
BMI	20-49	Women	Colorectum	attributable_rate	2	15	6	9	0.012591	0.001399	Uncorrelated	2	2012	2010	2017	-46.378900	13.454762	-3.447025	0.010734	0.023197	0.006674	3.475738	0.010326	-0.066144	0.025848	-2.558939	0.037610	2519.363100	0.000000	0.000045	1.000000	0.000000	1.000000
BMI	20-49	Women	Colorectum	non_attributable_rate	0	15	2	13	0.027349	0.002104	Uncorrelated	0	NA	NA	NA	-60.399135	5.515073	-10.951648	0.000000	0.031047	0.002741	11.326384	0.000000	NA	NA	NA	NA	30.416028	-0.015117	0.000008	1.000000	-0.999998	1.000000
BMI	20-49	Women	Endometrium	Rate	0	15	2	13	0.034812	0.002678	Uncorrelated	0	NA	NA	NA	-44.665880	6.222173	-7.178502	0.000007	0.022915	0.003093	7.409715	0.000005	NA	NA	NA	NA	38.715434	-0.019242	0.000010	1.000000	-0.999998	1.000000
BMI	20-49	Women	Endometrium	attributable_rate	0	15	2	13	0.044670	0.003436	Uncorrelated	0	NA	NA	NA	-75.806414	7.048293	-10.755287	0.000000	0.037769	0.003503	10.781528	0.000000	NA	NA	NA	NA	49.678436	-0.024691	0.000012	1.000000	-0.999998	1.000000
BMI	20-49	Women	Endometrium	non_attributable_rate	0	15	2	13	0.034818	0.002678	Uncorrelated	0	NA	NA	NA	-33.310938	6.222695	-5.353137	0.000131	0.017103	0.003093	5.530117	0.000097	NA	NA	NA	NA	38.721937	-0.019245	0.000010	1.000000	-0.999998	1.000000
BMI	20-49	Women	Gallbladder	Rate	0	15	2	13	0.371910	0.028608	Uncorrelated	0	NA	NA	NA	-73.497202	20.337477	-3.613880	0.003147	0.035919	0.010108	3.553530	0.003532	NA	NA	NA	NA	413.612973	-0.205572	0.000102	1.000000	-0.999998	1.000000
BMI	20-49	Women	Gallbladder	attributable_rate	0	15	2	13	0.431737	0.033211	Uncorrelated	0	NA	NA	NA	-107.119003	21.912306	-4.888532	0.000296	0.051761	0.010891	4.752710	0.000378	NA	NA	NA	NA	480.149144	-0.238642	0.000119	1.000000	-0.999998	1.000000
BMI	20-49	Women	Gallbladder	non_attributable_rate	0	15	2	13	0.362271	0.027867	Uncorrelated	0	NA	NA	NA	-67.106222	20.072205	-3.343241	0.005289	0.032648	0.009976	3.272539	0.006060	NA	NA	NA	NA	402.893424	-0.200244	0.000100	1.000000	-0.999998	1.000000
BMI	20-49	Women	Kidney	Rate	1	15	4	11	0.066699	0.006064	Uncorrelated	0	NA	NA	NA	-115.083468	18.064316	-6.370762	0.000081	0.057660	0.008989	6.414196	0.000077	NA	NA	NA	NA	326.319528	0.000000	5427.218673	1.000000	0.000000	1.000000
BMI	20-49	Women	Kidney	Rate	1	15	4	11	0.066699	0.006064	Uncorrelated	1	2015	2010	2017	3.482830	73.669659	0.047276	0.963224	-0.001182	0.036515	-0.032363	0.974819	-0.058842	0.037606	-1.564711	0.148718	0.000081	0.000000	0.001333	1.000000	0.000000	1.000000
BMI	20-49	Women	Kidney	attributable_rate	1	15	4	11	0.068615	0.006238	Uncorrelated	0	NA	NA	NA	-159.382407	21.347438	-7.466114	0.000021	0.078958	0.010626	7.430743	0.000022	NA	NA	NA	NA	455.713121	0.000000	2756.095122	1.000000	0.000000	1.000000
BMI	20-49	Women	Kidney	attributable_rate	1	15	4	11	0.068615	0.006238	Uncorrelated	1	2014	2011	2017	-22.921174	52.498525	-0.436606	0.671673	0.011202	0.026028	0.430381	0.676046	-0.067756	0.028113	-2.410102	0.036677	0.000113	0.000000	0.000677	1.000000	0.000000	1.000000
BMI	20-49	Women	Kidney	non_attributable_rate	0	15	2	13	0.096302	0.007408	Uncorrelated	0	NA	NA	NA	-82.200621	10.348961	-7.942886	0.000002	0.041168	0.005144	8.003690	0.000002	NA	NA	NA	NA	107.100993	-0.053231	0.000026	1.000000	-0.999998	1.000000
BMI	20-49	Women	Liver	Rate	0	15	2	13	0.123237	0.009480	Uncorrelated	0	NA	NA	NA	-43.022693	11.707107	-3.674921	0.002801	0.021162	0.005819	3.637002	0.003011	NA	NA	NA	NA	137.056344	-0.068119	0.000034	1.000000	-0.999998	1.000000
BMI	20-49	Women	Liver	attributable_rate	1	15	4	11	0.071968	0.006543	Uncorrelated	0	NA	NA	NA	-258.296366	113.795989	-2.269820	0.046585	0.127521	0.056728	2.247947	0.048348	NA	NA	NA	NA	12949.527177	0.000000	237.328173	1.000000	0.000000	1.000000
BMI	20-49	Women	Liver	attributable_rate	1	15	4	11	0.071968	0.006543	Uncorrelated	1	2008	2007	2010	-51.046639	15.405459	-3.313542	0.007832	0.024309	0.007649	3.178000	0.009853	-0.103212	0.057241	-1.803107	0.101537	0.003218	0.000000	0.000059	1.000000	0.000000	1.000000
BMI	20-49	Women	Liver	non_attributable_rate	0	15	2	13	0.122466	0.009420	Uncorrelated	0	NA	NA	NA	-35.969369	11.670412	-3.082099	0.008743	0.017560	0.005800	3.027346	0.009714	NA	NA	NA	NA	136.198507	-0.067693	0.000034	1.000000	-0.999998	1.000000
BMI	20-49	Women	MultipleMyeloma	Rate	0	15	2	13	0.165784	0.012753	Uncorrelated	0	NA	NA	NA	-124.584042	13.578448	-9.175131	0.000000	0.061930	0.006749	9.176495	0.000000	NA	NA	NA	NA	184.374252	-0.091637	0.000046	1.000000	-0.999998	1.000000
BMI	20-49	Women	MultipleMyeloma	attributable_rate	1	15	4	11	0.110730	0.010066	Uncorrelated	0	NA	NA	NA	-214.488580	25.851705	-8.296883	0.000009	0.105349	0.012871	8.184872	0.000010	NA	NA	NA	NA	668.310651	0.000000	1616.747326	1.000000	0.000000	1.000000
BMI	20-49	Women	MultipleMyeloma	attributable_rate	1	15	4	11	0.110730	0.010066	Uncorrelated	1	2013	2010	2017	-65.623319	40.208797	-1.632064	0.133717	0.031397	0.019940	1.574568	0.146433	-0.073952	0.023733	-3.115968	0.010949	0.000166	0.000000	0.000398	1.000000	0.000000	1.000000
BMI	20-49	Women	MultipleMyeloma	non_attributable_rate	0	15	2	13	0.163637	0.012587	Uncorrelated	0	NA	NA	NA	-122.572465	13.490229	-9.086018	0.000001	0.060893	0.006705	9.081940	0.000001	NA	NA	NA	NA	181.986280	-0.090450	0.000045	1.000000	-0.999998	1.000000
BMI	20-49	Women	Pancreas	Rate	0	15	2	13	0.042566	0.003274	Uncorrelated	0	NA	NA	NA	-48.468327	6.880346	-7.044461	0.000009	0.024196	0.003420	7.075525	0.000008	NA	NA	NA	NA	47.339163	-0.023528	0.000012	1.000000	-0.999998	1.000000
BMI	20-49	Women	Pancreas	attributable_rate	0	15	2	13	0.051239	0.003941	Uncorrelated	0	NA	NA	NA	-78.956763	7.548775	-10.459546	0.000000	0.038151	0.003752	10.168458	0.000000	NA	NA	NA	NA	56.984010	-0.028322	0.000014	1.000000	-0.999998	1.000000
BMI	20-49	Women	Pancreas	non_attributable_rate	0	15	2	13	0.042336	0.003257	Uncorrelated	0	NA	NA	NA	-45.840968	6.861751	-6.680652	0.000015	0.022843	0.003410	6.698069	0.000015	NA	NA	NA	NA	47.083624	-0.023401	0.000012	1.000000	-0.999998	1.000000
BMI	20-49	Women	Thyroid	Rate	1	15	4	11	0.012379	0.001125	Uncorrelated	0	NA	NA	NA	-134.328687	10.546623	-12.736654	0.000000	0.067832	0.005251	12.917912	0.000000	NA	NA	NA	NA	111.231250	0.000000	269.085679	1.000000	0.000000	1.000000
BMI	20-49	Women	Thyroid	Rate	1	15	4	11	0.012379	0.001125	Uncorrelated	1	2013	2010	2017	-67.817749	16.403831	-4.134263	0.002030	0.034791	0.008135	4.276827	0.001619	-0.033041	0.009682	-3.412468	0.006631	0.000028	0.000000	0.000066	1.000000	0.000000	1.000000
BMI	20-49	Women	Thyroid	attributable_rate	1	15	4	11	0.012188	0.001108	Uncorrelated	0	NA	NA	NA	-187.314284	10.484363	-17.866063	0.000000	0.092899	0.005220	17.796807	0.000000	NA	NA	NA	NA	109.921866	0.000000	265.918077	1.000000	0.000000	1.000000
BMI	20-49	Women	Thyroid	attributable_rate	1	15	4	11	0.012188	0.001108	Uncorrelated	1	2013	2011	2015	-77.128113	16.306995	-4.729756	0.000804	0.038162	0.008087	4.719051	0.000818	-0.054737	0.009625	-5.686878	0.000202	0.000027	0.000000	0.000065	1.000000	0.000000	1.000000
BMI	20-49	Women	Thyroid	non_attributable_rate	1	15	4	11	0.012424	0.001129	Uncorrelated	0	NA	NA	NA	-130.442311	10.562673	-12.349365	0.000000	0.065860	0.005259	12.523304	0.000000	NA	NA	NA	NA	111.570070	0.000000	269.905338	1.000000	0.000000	1.000000
BMI	20-49	Women	Thyroid	non_attributable_rate	1	15	4	11	0.012424	0.001129	Uncorrelated	1	2013	2010	2017	-67.220072	16.428796	-4.091601	0.002174	0.034453	0.008147	4.228808	0.001747	-0.031407	0.009697	-3.238806	0.008887	0.000028	0.000000	0.000066	1.000000	0.000000	1.000000
BMI	50+	Men	Colorectum	Rate	2	15	6	9	0.001772	0.000197	Uncorrelated	0	NA	NA	NA	-22.297250	6.088074	-3.662447	0.008044	0.013771	0.003033	4.540993	0.002665	NA	NA	NA	NA	37.064644	0.000000	0.000322	1.000000	0.000000	1.000000
BMI	50+	Men	Colorectum	Rate	2	15	6	9	0.001772	0.000197	Uncorrelated	1	2011	2008	2013	72.527160	36.107227	2.008661	0.084533	-0.033382	0.017941	-1.860580	0.105122	-0.047153	0.018196	-2.591389	0.035872	0.000009	0.000000	65.478462	1.000000	0.000000	1.000000
BMI	50+	Men	Colorectum	Rate	2	15	6	9	0.001772	0.000197	Uncorrelated	2	2014	2013	2017	5.867970	8.091876	0.725168	0.491873	-0.000284	0.004012	-0.070703	0.945611	0.033098	0.018385	1.800312	0.114832	1303.731807	0.000000	0.000016	1.000000	0.000000	1.000000
BMI	50+	Men	Colorectum	attributable_rate	2	15	6	9	0.001758	0.000195	Uncorrelated	0	NA	NA	NA	-57.009315	4.131355	-13.799182	0.000002	0.030191	0.002058	14.670464	0.000002	NA	NA	NA	NA	17.068093	0.000000	0.000037	1.000000	0.000000	1.000000
BMI	50+	Men	Colorectum	attributable_rate	2	15	6	9	0.001758	0.000195	Uncorrelated	1	2011	2009	2013	43.114896	12.254190	3.518380	0.009749	-0.019597	0.006088	-3.219215	0.014669	-0.049788	0.006426	-7.747970	0.000112	0.000004	0.000000	60.334933	1.000000	0.000000	1.000000
BMI	50+	Men	Colorectum	attributable_rate	2	15	6	9	0.001758	0.000195	Uncorrelated	2	2015	2013	2017	-25.231191	7.767556	-3.248279	0.014091	0.014322	0.003850	3.719810	0.007458	0.033919	0.007203	4.709055	0.002185	150.165181	0.000000	0.000015	1.000000	0.000000	1.000000
BMI	50+	Men	Colorectum	non_attributable_rate	2	15	6	9	0.001887	0.000210	Uncorrelated	0	NA	NA	NA	-15.078606	6.351208	-2.374132	0.049306	0.010080	0.003164	3.186150	0.015359	NA	NA	NA	NA	40.337840	0.000000	0.000350	1.000000	0.000000	1.000000
BMI	50+	Men	Colorectum	non_attributable_rate	2	15	6	9	0.001887	0.000210	Uncorrelated	1	2011	2008	2013	75.926568	37.667824	2.015688	0.083661	-0.035174	0.018717	-1.879237	0.102281	-0.045254	0.018982	-2.383978	0.048597	0.000010	0.000000	71.260895	1.000000	0.000000	1.000000
BMI	50+	Men	Colorectum	non_attributable_rate	2	15	6	9	0.001887	0.000210	Uncorrelated	2	2014	2012	2017	10.280638	8.441617	1.217852	0.262734	-0.002579	0.004185	-0.616153	0.557290	0.032595	0.019179	1.699492	0.133027	1418.864957	0.000000	0.000018	1.000000	0.000000	1.000000
BMI	50+	Men	Gallbladder	Rate	0	15	2	13	0.048492	0.003730	Uncorrelated	0	NA	NA	NA	-46.864889	7.343668	-6.381673	0.000024	0.024288	0.003650	6.654260	0.000016	NA	NA	NA	NA	53.929467	-0.026804	0.000013	1.000000	-0.999998	1.000000
BMI	50+	Men	Gallbladder	attributable_rate	0	15	2	13	0.060329	0.004641	Uncorrelated	0	NA	NA	NA	-108.422756	8.191113	-13.236632	0.000000	0.053844	0.004071	13.225831	0.000000	NA	NA	NA	NA	67.094340	-0.033347	0.000017	1.000000	-0.999998	1.000000
BMI	50+	Men	Gallbladder	non_attributable_rate	0	15	2	13	0.048240	0.003711	Uncorrelated	0	NA	NA	NA	-38.646895	7.324595	-5.276319	0.000150	0.020137	0.003640	5.531413	0.000097	NA	NA	NA	NA	53.649686	-0.026665	0.000013	1.000000	-0.999998	1.000000
BMI	50+	Men	Kidney	Rate	1	15	4	11	0.013413	0.001219	Uncorrelated	0	NA	NA	NA	-78.595778	9.042293	-8.692018	0.000006	0.041028	0.004501	9.115429	0.000004	NA	NA	NA	NA	81.763067	0.000000	494.492655	1.000000	0.000000	1.000000
BMI	50+	Men	Kidney	Rate	1	15	4	11	0.013413	0.001219	Uncorrelated	1	2014	2012	2016	-3.770105	22.237191	-0.169541	0.868752	0.003875	0.011025	0.351457	0.732538	-0.037153	0.011908	-3.119923	0.010875	0.000020	0.000000	0.000122	1.000000	0.000000	1.000000
BMI	50+	Men	Kidney	attributable_rate	2	15	6	9	0.007767	0.000863	Uncorrelated	0	NA	NA	NA	-88.059884	17.714279	-4.971125	0.001617	0.044932	0.008826	5.090741	0.001414	NA	NA	NA	NA	313.795663	0.000000	0.001558	1.000000	0.000000	1.000000
BMI	50+	Men	Kidney	attributable_rate	2	15	6	9	0.007767	0.000863	Uncorrelated	1	2010	2007	2014	-166.654782	79.398269	-2.098972	0.073983	0.084034	0.039472	2.128945	0.070780	0.039102	0.040447	0.966747	0.365876	0.000078	0.000000	181.013386	1.000000	0.000000	1.000000
BMI	50+	Men	Kidney	attributable_rate	2	15	6	9	0.007767	0.000863	Uncorrelated	2	2013	2012	2017	-24.777348	13.454122	-1.841618	0.108088	0.013553	0.006672	2.031392	0.081745	-0.070481	0.040032	-1.760603	0.121695	6304.085182	0.000000	0.000045	1.000000	0.000000	1.000000
BMI	50+	Men	Kidney	non_attributable_rate	1	15	4	11	0.013717	0.001247	Uncorrelated	0	NA	NA	NA	-70.310289	9.096134	-7.729689	0.000016	0.036790	0.004528	8.125599	0.000010	NA	NA	NA	NA	82.739655	0.000000	500.398935	1.000000	0.000000	1.000000
BMI	50+	Men	Kidney	non_attributable_rate	1	15	4	11	0.013717	0.001247	Uncorrelated	1	2014	2012	2016	1.599297	22.369598	0.071494	0.944414	0.001085	0.011091	0.097860	0.923977	-0.035705	0.011979	-2.980587	0.013794	0.000020	0.000000	0.000123	1.000000	0.000000	1.000000
BMI	50+	Men	Liver	Rate	1	15	4	11	0.006697	0.000609	Uncorrelated	0	NA	NA	NA	-119.558407	6.024615	-19.844986	0.000000	0.061104	0.003000	20.371058	0.000000	NA	NA	NA	NA	36.295989	0.000000	87.805639	1.000000	0.000000	1.000000
BMI	50+	Men	Liver	Rate	1	15	4	11	0.006697	0.000609	Uncorrelated	1	2013	2012	2015	-43.437327	9.370466	-4.635557	0.000928	0.023289	0.004647	5.011824	0.000528	-0.037815	0.005531	-6.836983	0.000045	0.000009	0.000000	0.000022	1.000000	0.000000	1.000000
BMI	50+	Men	Liver	attributable_rate	1	15	4	11	0.006999	0.000636	Uncorrelated	0	NA	NA	NA	-163.229436	6.253830	-26.100716	0.000000	0.082086	0.003114	26.362955	0.000000	NA	NA	NA	NA	39.110388	0.000000	94.614107	1.000000	0.000000	1.000000
BMI	50+	Men	Liver	attributable_rate	1	15	4	11	0.006999	0.000636	Uncorrelated	1	2013	2012	2015	-69.048694	9.726978	-7.098679	0.000033	0.035300	0.004824	7.317951	0.000025	-0.046786	0.005741	-8.149011	0.000010	0.000010	0.000000	0.000023	1.000000	0.000000	1.000000
BMI	50+	Men	Liver	non_attributable_rate	1	15	4	11	0.006493	0.000590	Uncorrelated	0	NA	NA	NA	-103.107174	6.474223	-15.925798	0.000000	0.052790	0.003223	16.381234	0.000000	NA	NA	NA	NA	41.915569	0.000000	253.500041	1.000000	0.000000	1.000000
BMI	50+	Men	Liver	non_attributable_rate	1	15	4	11	0.006493	0.000590	Uncorrelated	1	2014	2012	2016	-23.588759	15.921685	-1.481549	0.169269	0.013307	0.007894	1.685823	0.122728	-0.039483	0.008526	-4.630755	0.000935	0.000010	0.000000	0.000062	1.000000	0.000000	1.000000
BMI	50+	Men	MultipleMyeloma	Rate	0	15	2	13	0.036128	0.002779	Uncorrelated	0	NA	NA	NA	-60.500373	6.338713	-9.544583	0.000000	0.031769	0.003150	10.084080	0.000000	NA	NA	NA	NA	40.179280	-0.019970	0.000010	1.000000	-0.999998	1.000000
BMI	50+	Men	MultipleMyeloma	attributable_rate	0	15	2	13	0.038581	0.002968	Uncorrelated	0	NA	NA	NA	-86.123381	6.550352	-13.147901	0.000000	0.043367	0.003256	13.320500	0.000000	NA	NA	NA	NA	42.907113	-0.021326	0.000011	1.000000	-0.999998	1.000000
BMI	50+	Men	MultipleMyeloma	non_attributable_rate	0	15	2	13	0.036103	0.002777	Uncorrelated	0	NA	NA	NA	-57.993433	6.336490	-9.152297	0.000000	0.030470	0.003149	9.675091	0.000000	NA	NA	NA	NA	40.151101	-0.019956	0.000010	1.000000	-0.999998	1.000000
BMI	50+	Men	Pancreas	Rate	0	15	2	13	0.004464	0.000343	Uncorrelated	0	NA	NA	NA	-24.617291	2.228146	-11.048328	0.000000	0.014098	0.001107	12.730535	0.000000	NA	NA	NA	NA	4.964635	-0.002468	0.000001	1.000000	-0.999998	1.000000
BMI	50+	Men	Pancreas	attributable_rate	1	15	4	11	0.004350	0.000395	Uncorrelated	0	NA	NA	NA	-79.884538	5.192751	-15.383857	0.000000	0.040589	0.002585	15.699530	0.000000	NA	NA	NA	NA	26.964663	0.000000	65.231710	1.000000	0.000000	1.000000
BMI	50+	Men	Pancreas	attributable_rate	1	15	4	11	0.004350	0.000395	Uncorrelated	1	2013	2010	2017	-47.726148	8.076615	-5.909177	0.000149	0.024614	0.004005	6.145412	0.000109	-0.015975	0.004767	-3.351087	0.007352	0.000007	0.000000	0.000016	1.000000	0.000000	1.000000
BMI	50+	Men	Pancreas	non_attributable_rate	0	15	2	13	0.004400	0.000338	Uncorrelated	0	NA	NA	NA	-18.391111	2.212127	-8.313768	0.000001	0.010930	0.001099	9.941333	0.000000	NA	NA	NA	NA	4.893506	-0.002432	0.000001	1.000000	-0.999998	1.000000
BMI	50+	Men	Thyroid	Rate	1	15	4	11	0.043644	0.003968	Uncorrelated	0	NA	NA	NA	-132.613060	16.934066	-7.831141	0.000014	0.066706	0.008429	7.913738	0.000013	NA	NA	NA	NA	286.762604	0.000000	1734.303837	1.000000	0.000000	1.000000
BMI	50+	Men	Thyroid	Rate	1	15	4	11	0.043644	0.003968	Uncorrelated	1	2014	2007	2017	-32.879143	41.644974	-0.789510	0.448129	0.017185	0.020647	0.832341	0.424648	-0.049520	0.022301	-2.220514	0.050650	0.000071	0.000000	0.000426	1.000000	0.000000	1.000000
BMI	50+	Men	Thyroid	attributable_rate	1	15	4	11	0.046239	0.004204	Uncorrelated	0	NA	NA	NA	-171.077272	17.289849	-9.894665	0.000002	0.084709	0.008606	9.842855	0.000002	NA	NA	NA	NA	298.938890	0.000000	1807.944470	1.000000	0.000000	1.000000
BMI	50+	Men	Thyroid	attributable_rate	1	15	4	11	0.046239	0.004204	Uncorrelated	1	2014	2009	2017	-55.340703	42.519930	-1.301524	0.222264	0.027243	0.021081	1.292337	0.225304	-0.057466	0.022770	-2.523778	0.030191	0.000074	0.000000	0.000444	1.000000	0.000000	1.000000
BMI	50+	Men	Thyroid	non_attributable_rate	1	15	4	11	0.043531	0.003957	Uncorrelated	0	NA	NA	NA	-128.621952	16.908682	-7.606858	0.000018	0.064666	0.008416	7.683284	0.000017	NA	NA	NA	NA	285.903537	0.000000	1729.108309	1.000000	0.000000	1.000000
BMI	50+	Men	Thyroid	non_attributable_rate	1	15	4	11	0.043531	0.003957	Uncorrelated	1	2014	2007	2017	-30.285541	41.582548	-0.728323	0.483122	0.015840	0.020616	0.768316	0.460059	-0.048826	0.022268	-2.192686	0.053094	0.000071	0.000000	0.000425	1.000000	0.000000	1.000000
BMI	50+	Women	Breast	Rate	0	15	2	13	0.003940	0.000303	Uncorrelated	0	NA	NA	NA	-1.773090	2.093172	-0.847083	0.412272	0.003795	0.001040	3.648268	0.002947	NA	NA	NA	NA	4.381369	-0.002178	0.000001	1.000000	-0.999998	1.000000
BMI	50+	Women	Breast	attributable_rate	1	15	4	11	0.002517	0.000229	Uncorrelated	0	NA	NA	NA	-26.163366	3.602301	-7.262960	0.000027	0.014680	0.001793	8.186905	0.000010	NA	NA	NA	NA	12.976570	0.000000	78.480646	1.000000	0.000000	1.000000
BMI	50+	Women	Breast	attributable_rate	1	15	4	11	0.002517	0.000229	Uncorrelated	1	2014	2007	2016	1.572710	8.858930	0.177528	0.862638	0.000908	0.004392	0.206765	0.840343	-0.013772	0.004744	-2.902932	0.015754	0.000003	0.000000	0.000019	1.000000	0.000000	1.000000
BMI	50+	Women	Breast	non_attributable_rate	0	15	2	13	0.004006	0.000308	Uncorrelated	0	NA	NA	NA	-0.669721	2.110852	-0.317275	0.756073	0.003205	0.001049	3.054601	0.009218	NA	NA	NA	NA	4.455696	-0.002215	0.000001	1.000000	-0.999998	1.000000
BMI	50+	Women	Colorectum	Rate	2	15	6	9	0.001345	0.000149	Uncorrelated	0	NA	NA	NA	-11.639827	6.098475	-1.908646	0.097953	0.008297	0.003038	2.731065	0.029294	NA	NA	NA	NA	37.191393	0.000000	0.000016	1.000000	0.000000	1.000000
BMI	50+	Women	Colorectum	Rate	2	15	6	9	0.001345	0.000149	Uncorrelated	1	2011	2007	2013	33.236125	8.093644	4.106447	0.004536	-0.014019	0.004019	-3.488373	0.010151	-0.022315	0.005038	-4.429653	0.003046	0.000009	0.000000	1316.002146	1.000000	0.000000	1.000000
BMI	50+	Women	Colorectum	Rate	2	15	6	9	0.001345	0.000149	Uncorrelated	2	2017	2013	2017	-37.800947	36.276744	-1.042016	0.332050	0.021200	0.017972	1.179631	0.276679	0.035219	0.018416	1.912427	0.097409	65.507076	0.000000	0.000323	1.000000	0.000000	1.000000
BMI	50+	Women	Colorectum	attributable_rate	2	15	6	9	0.001719	0.000191	Uncorrelated	0	NA	NA	NA	-61.161590	11.841754	-5.164910	0.001302	0.032089	0.005902	5.437305	0.000969	NA	NA	NA	NA	140.227129	0.000000	0.000006	1.000000	0.000000	1.000000
BMI	50+	Women	Colorectum	attributable_rate	2	15	6	9	0.001719	0.000191	Uncorrelated	1	2009	2007	2012	15.035262	5.020266	2.994913	0.020086	-0.005838	0.002494	-2.341065	0.051764	-0.037928	0.006407	-5.919736	0.000588	0.000035	0.000000	1419.093834	1.000000	0.000000	1.000000
BMI	50+	Women	Colorectum	attributable_rate	2	15	6	9	0.001719	0.000191	Uncorrelated	2	2017	2010	2017	-37.400057	37.670862	-0.992811	0.353873	0.020158	0.018663	1.080130	0.315888	0.025997	0.018829	1.380695	0.209846	25.203075	0.000000	0.000348	1.000000	0.000000	1.000000
BMI	50+	Women	Colorectum	non_attributable_rate	2	15	6	9	0.001183	0.000131	Uncorrelated	0	NA	NA	NA	-6.966206	5.914145	-1.177889	0.277330	0.005875	0.002946	1.994378	0.086332	NA	NA	NA	NA	34.977106	0.000000	0.000015	1.000000	0.000000	1.000000
BMI	50+	Women	Colorectum	non_attributable_rate	2	15	6	9	0.001183	0.000131	Uncorrelated	1	2011	2007	2013	34.506585	7.849009	4.396298	0.003171	-0.014747	0.003897	-3.784100	0.006855	-0.020623	0.004885	-4.221323	0.003930	0.000009	0.000000	1237.650532	1.000000	0.000000	1.000000
BMI	50+	Women	Colorectum	non_attributable_rate	2	15	6	9	0.001183	0.000131	Uncorrelated	2	2017	2015	2017	-36.126114	35.180258	-1.026886	0.338644	0.020271	0.017429	1.163079	0.282908	0.035019	0.017859	1.960808	0.090712	61.606942	0.000000	0.000304	1.000000	0.000000	1.000000
BMI	50+	Women	Endometrium	Rate	1	15	4	11	0.002682	0.000244	Uncorrelated	0	NA	NA	NA	-43.336601	5.961552	-7.269349	0.000027	0.023636	0.002969	7.961321	0.000012	NA	NA	NA	NA	35.540101	0.000000	35.823853	1.000000	0.000000	1.000000
BMI	50+	Women	Endometrium	Rate	1	15	4	11	0.002682	0.000244	Uncorrelated	1	2012	2009	2014	0.189782	5.985303	0.031708	0.975329	0.002003	0.002969	0.674650	0.515192	-0.021633	0.004199	-5.152455	0.000430	0.000009	0.000000	0.000009	1.000000	0.000000	1.000000
BMI	50+	Women	Endometrium	attributable_rate	1	15	4	11	0.002602	0.000237	Uncorrelated	0	NA	NA	NA	-85.608710	9.942444	-8.610429	0.000006	0.044167	0.004954	8.915592	0.000005	NA	NA	NA	NA	98.852190	0.000000	16.606989	1.000000	0.000000	1.000000
BMI	50+	Women	Endometrium	attributable_rate	1	15	4	11	0.002602	0.000237	Uncorrelated	1	2010	2009	2012	-17.486597	4.075167	-4.291013	0.001584	0.010275	0.002022	5.080658	0.000477	-0.033892	0.005351	-6.333926	0.000085	0.000025	0.000000	0.000004	1.000000	0.000000	1.000000
BMI	50+	Women	Endometrium	non_attributable_rate	1	15	4	11	0.003007	0.000273	Uncorrelated	0	NA	NA	NA	-28.463417	5.277945	-5.392898	0.000304	0.016016	0.002628	6.094905	0.000116	NA	NA	NA	NA	27.856702	0.000000	67.389690	1.000000	0.000000	1.000000
BMI	50+	Women	Endometrium	non_attributable_rate	1	15	4	11	0.003007	0.000273	Uncorrelated	1	2013	2010	2015	9.093001	8.209122	1.107670	0.293935	-0.002641	0.004071	-0.648674	0.531163	-0.018657	0.004845	-3.850421	0.003210	0.000007	0.000000	0.000017	1.000000	0.000000	1.000000
BMI	50+	Women	Gallbladder	Rate	0	15	2	13	0.020992	0.001615	Uncorrelated	0	NA	NA	NA	-56.674152	4.831710	-11.729626	0.000000	0.029265	0.002401	12.186271	0.000000	NA	NA	NA	NA	23.345421	-0.011603	0.000006	1.000000	-0.999998	1.000000
BMI	50+	Women	Gallbladder	attributable_rate	1	15	4	11	0.014138	0.001285	Uncorrelated	0	NA	NA	NA	-115.689085	21.114846	-5.479040	0.000270	0.057902	0.010521	5.503714	0.000260	NA	NA	NA	NA	445.836721	0.000000	74.899762	1.000000	0.000000	1.000000
BMI	50+	Women	Gallbladder	attributable_rate	1	15	4	11	0.014138	0.001285	Uncorrelated	1	2010	2007	2014	-57.012389	8.654465	-6.587627	0.000062	0.028710	0.004295	6.684486	0.000055	-0.029192	0.011364	-2.568951	0.027941	0.000111	0.000000	0.000018	1.000000	0.000000	1.000000
BMI	50+	Women	Gallbladder	non_attributable_rate	0	15	2	13	0.020567	0.001582	Uncorrelated	0	NA	NA	NA	-52.087764	4.782589	-10.891123	0.000000	0.026857	0.002377	11.298596	0.000000	NA	NA	NA	NA	22.873156	-0.011368	0.000006	1.000000	-0.999998	1.000000
BMI	50+	Women	Kidney	Rate	1	15	4	11	0.012985	0.001180	Uncorrelated	0	NA	NA	NA	-86.808315	8.622854	-10.067237	0.000001	0.044806	0.004292	10.439143	0.000001	NA	NA	NA	NA	74.353612	0.000000	449.681208	1.000000	0.000000	1.000000
BMI	50+	Women	Kidney	Rate	1	15	4	11	0.012985	0.001180	Uncorrelated	1	2014	2011	2015	19.115425	21.205688	0.901429	0.388555	-0.007788	0.010513	-0.740742	0.475883	-0.052594	0.011356	-4.631419	0.000934	0.000018	0.000000	0.000111	1.000000	0.000000	1.000000
BMI	50+	Women	Kidney	attributable_rate	2	15	6	9	0.010272	0.001141	Uncorrelated	0	NA	NA	NA	-163.257430	50.358727	-3.241890	0.014216	0.082271	0.025104	3.277194	0.013539	NA	NA	NA	NA	2536.001402	0.000000	0.000126	1.000000	0.000000	1.000000
BMI	50+	Women	Kidney	attributable_rate	2	15	6	9	0.010272	0.001141	Uncorrelated	1	2008	2007	2014	-84.595251	22.577246	-3.746925	0.007197	0.043096	0.011227	3.838686	0.006385	-0.039174	0.027500	-1.424518	0.197315	0.000630	0.000000	512.778214	1.000000	0.000000	1.000000
BMI	50+	Women	Kidney	attributable_rate	2	15	6	9	0.010272	0.001141	Uncorrelated	2	2014	2010	2017	2.232217	22.644607	0.098576	0.924238	-0.000016	0.011227	-0.001382	0.998936	-0.043112	0.015877	-2.715338	0.029967	509.732015	0.000000	0.000126	1.000000	0.000000	1.000000
BMI	50+	Women	Kidney	non_attributable_rate	1	15	4	11	0.012114	0.001101	Uncorrelated	0	NA	NA	NA	-80.523091	8.269865	-9.736929	0.000002	0.041510	0.004116	10.083939	0.000001	NA	NA	NA	NA	68.390666	0.000000	413.618067	1.000000	0.000000	1.000000
BMI	50+	Women	Kidney	non_attributable_rate	1	15	4	11	0.012114	0.001101	Uncorrelated	1	2014	2012	2015	21.040408	20.337602	1.034557	0.325246	-0.008919	0.010083	-0.884567	0.397160	-0.050429	0.010891	-4.630320	0.000936	0.000017	0.000000	0.000102	1.000000	0.000000	1.000000
BMI	50+	Women	Liver	Rate	1	15	4	11	0.023030	0.002094	Uncorrelated	0	NA	NA	NA	-109.939404	14.505075	-7.579375	0.000019	0.055985	0.007222	7.752193	0.000015	NA	NA	NA	NA	210.397211	0.000000	508.983551	1.000000	0.000000	1.000000
BMI	50+	Women	Liver	Rate	1	15	4	11	0.023030	0.002094	Uncorrelated	1	2013	2009	2016	-13.722591	22.560664	-0.608253	0.556582	0.008187	0.011188	0.731798	0.481090	-0.047798	0.013316	-3.589384	0.004934	0.000052	0.000000	0.000125	1.000000	0.000000	1.000000
BMI	50+	Women	Liver	attributable_rate	1	15	4	11	0.026301	0.002391	Uncorrelated	0	NA	NA	NA	-136.331202	15.599126	-8.739669	0.000005	0.068379	0.007767	8.804244	0.000005	NA	NA	NA	NA	243.332728	0.000000	588.659685	1.000000	0.000000	1.000000
BMI	50+	Women	Liver	attributable_rate	1	15	4	11	0.026301	0.002391	Uncorrelated	1	2013	2008	2015	-24.685543	24.262310	-1.017444	0.332926	0.012916	0.012032	1.073504	0.308266	-0.055462	0.014321	-3.872848	0.003095	0.000060	0.000000	0.000145	1.000000	0.000000	1.000000
BMI	50+	Women	Liver	non_attributable_rate	1	15	4	11	0.022877	0.002080	Uncorrelated	0	NA	NA	NA	-103.053828	14.337439	-7.187743	0.000030	0.052431	0.007138	7.344941	0.000025	NA	NA	NA	NA	205.562159	0.000000	497.286809	1.000000	0.000000	1.000000
BMI	50+	Women	Liver	non_attributable_rate	1	15	4	11	0.022877	0.002080	Uncorrelated	1	2013	2009	2016	-10.841698	22.299928	-0.486176	0.637320	0.006623	0.011059	0.598862	0.562585	-0.045808	0.013163	-3.480209	0.005919	0.000051	0.000000	0.000122	1.000000	0.000000	1.000000
BMI	50+	Women	MultipleMyeloma	Rate	0	15	2	13	0.046605	0.003585	Uncorrelated	0	NA	NA	NA	-48.479515	7.199403	-6.733824	0.000014	0.025616	0.003578	7.158929	0.000007	NA	NA	NA	NA	51.831409	-0.025761	0.000013	1.000000	-0.999998	1.000000
BMI	50+	Women	MultipleMyeloma	attributable_rate	0	15	2	13	0.046128	0.003548	Uncorrelated	0	NA	NA	NA	-63.830675	7.162415	-8.911893	0.000001	0.032077	0.003560	9.010701	0.000001	NA	NA	NA	NA	51.300191	-0.025497	0.000013	1.000000	-0.999998	1.000000
BMI	50+	Women	MultipleMyeloma	non_attributable_rate	0	15	2	13	0.046860	0.003605	Uncorrelated	0	NA	NA	NA	-47.226064	7.219041	-6.541875	0.000019	0.024944	0.003588	6.951973	0.000010	NA	NA	NA	NA	52.114558	-0.025902	0.000013	1.000000	-0.999998	1.000000
BMI	50+	Women	Pancreas	Rate	1	15	4	11	0.001890	0.000172	Uncorrelated	0	NA	NA	NA	-20.101436	3.919460	-5.128624	0.000445	0.011809	0.001951	6.051293	0.000123	NA	NA	NA	NA	15.362163	0.000000	37.163460	1.000000	0.000000	1.000000
BMI	50+	Women	Pancreas	Rate	1	15	4	11	0.001890	0.000172	Uncorrelated	1	2013	2010	2016	4.598469	6.096184	0.754319	0.468048	-0.000461	0.003023	-0.152652	0.881709	-0.012270	0.003598	-3.410028	0.006658	0.000004	0.000000	0.000009	1.000000	0.000000	1.000000
BMI	50+	Women	Pancreas	attributable_rate	1	15	4	11	0.002670	0.000243	Uncorrelated	0	NA	NA	NA	-48.025892	7.390167	-6.498620	0.000069	0.024647	0.003681	6.695212	0.000054	NA	NA	NA	NA	54.614574	0.000000	22.937815	1.000000	0.000000	1.000000
BMI	50+	Women	Pancreas	attributable_rate	1	15	4	11	0.002670	0.000243	Uncorrelated	1	2011	2007	2015	-10.701579	4.789344	-2.234456	0.049467	0.006087	0.002376	2.561535	0.028299	-0.018560	0.004382	-4.235916	0.001728	0.000014	0.000000	0.000006	1.000000	0.000000	1.000000
BMI	50+	Women	Pancreas	non_attributable_rate	1	15	4	11	0.001951	0.000177	Uncorrelated	0	NA	NA	NA	-17.797024	3.881715	-4.584835	0.001003	0.010599	0.001933	5.484366	0.000268	NA	NA	NA	NA	15.067711	0.000000	36.451134	1.000000	0.000000	1.000000
BMI	50+	Women	Pancreas	non_attributable_rate	1	15	4	11	0.001951	0.000177	Uncorrelated	1	2013	2010	2016	5.304252	6.037477	0.878554	0.400260	-0.000877	0.002994	-0.292824	0.775643	-0.011476	0.003564	-3.220336	0.009170	0.000004	0.000000	0.000009	1.000000	0.000000	1.000000
BMI	50+	Women	Thyroid	Rate	1	15	4	11	0.016136	0.001467	Uncorrelated	0	NA	NA	NA	-110.926884	10.308097	-10.761141	0.000001	0.056242	0.005131	10.961368	0.000001	NA	NA	NA	NA	106.256868	0.000000	642.628051	1.000000	0.000000	1.000000
BMI	50+	Women	Thyroid	Rate	1	15	4	11	0.016136	0.001467	Uncorrelated	1	2014	2011	2016	-40.642204	25.350109	-1.603236	0.139965	0.021344	0.012568	1.698270	0.120303	-0.034898	0.013575	-2.570715	0.027856	0.000026	0.000000	0.000158	1.000000	0.000000	1.000000
BMI	50+	Women	Thyroid	attributable_rate	1	15	4	11	0.013204	0.001200	Uncorrelated	0	NA	NA	NA	-134.980218	9.392030	-14.371783	0.000000	0.067067	0.004675	14.346021	0.000000	NA	NA	NA	NA	88.210226	0.000000	533.484251	1.000000	0.000000	1.000000
BMI	50+	Women	Thyroid	attributable_rate	1	15	4	11	0.013204	0.001200	Uncorrelated	1	2014	2011	2016	-49.733349	23.097278	-2.153213	0.056756	0.024740	0.011451	2.160464	0.056066	-0.042327	0.012369	-3.422085	0.006525	0.000022	0.000000	0.000131	1.000000	0.000000	1.000000
BMI	50+	Women	Thyroid	non_attributable_rate	1	15	4	11	0.016710	0.001519	Uncorrelated	0	NA	NA	NA	-108.629661	10.476635	-10.368755	0.000001	0.055047	0.005215	10.555732	0.000001	NA	NA	NA	NA	109.759888	0.000000	663.813872	1.000000	0.000000	1.000000
BMI	50+	Women	Thyroid	non_attributable_rate	1	15	4	11	0.016710	0.001519	Uncorrelated	1	2014	2011	2017	-39.879887	25.764586	-1.547857	0.152696	0.020911	0.012774	1.637001	0.132672	-0.034136	0.013797	-2.474123	0.032872	0.000027	0.000000	0.000163	1.000000	0.000000	1.000000
