"sex"	"age_group"	"cancer_site"	"Model"	"#Obs"	"#Param"	"DF"	"SSE"	"MSE"	"Auto Corr"	"Segment"	"Joinpoint"	"Joinpoint 95% LCL"	"Joinpoint 95% UCL"	"Intercept Estimate"	"Intercept Std Error"	"Intercept Test Statistic"	"Intercept P-Value"	"Slope Estimate"	"Slope Std Error"	"Slope Test Statistic"	"Slope P-Value"	"SlopeChg Estimate"	"SlopeChg Std Error"	"SlopeChg Test Statistic"	"SlopeChg P-Value"	"Covar-Int vs Int"	"Covar-Int vs Slope"	"Covar-Slope vs Slope"	"Corr-Int vs Int"	"Corr-Int vs Slope"	"Corr-Slope vs Slope"
Men	20-49	Colorectum	1	19	4	15	18.825451	1.255030	Uncorrelated	0	NA	NA	NA	-65.695327	7.236971	-9.077737	0.000000	0.036113	0.003607	10.011789	0.000000	NA	NA	NA	NA	52.373756	0.000000	150.959456	1.000000	0.000000	1.000000
Men	20-49	Colorectum	1	19	4	15	18.825451	1.255030	Uncorrelated	1	2012	2003	2017	-33.198326	12.286556	-2.702004	0.017189	0.019961	0.006094	3.275444	0.005526	-0.016152	0.007082	-2.280739	0.038738	0.000013	0.000000	0.000037	1.000000	0.000000	1.000000
Men	20-49	Gallbladder	0	19	2	17	15.713302	0.924312	Uncorrelated	0	NA	NA	NA	-53.951592	15.556214	-3.468170	0.002940	0.028512	0.007736	3.685589	0.001834	NA	NA	NA	NA	241.995802	-0.120343	0.000060	1.000000	-0.999996	1.000000
Men	20-49	Kidney	1	19	4	15	14.430758	0.962051	Uncorrelated	0	NA	NA	NA	-107.592527	5.811521	-18.513660	0.000000	0.056573	0.002893	19.557305	0.000000	NA	NA	NA	NA	33.773779	0.000000	3103.799477	1.000000	0.000000	1.000000
Men	20-49	Kidney	1	19	4	15	14.430758	0.962051	Uncorrelated	1	2016	2011	2017	35.814643	55.711753	0.642856	0.530706	-0.014562	0.027608	-0.527452	0.606138	-0.071135	0.027759	-2.562588	0.022560	0.000008	0.000000	0.000762	1.000000	0.000000	1.000000
Men	20-49	Liver	1	19	4	15	24.451908	1.630127	Uncorrelated	0	NA	NA	NA	-126.705477	37.123400	-3.413089	0.004202	0.065556	0.018517	3.540218	0.003264	NA	NA	NA	NA	1378.146798	0.000000	584.209712	1.000000	0.000000	1.000000
Men	20-49	Liver	1	19	4	15	24.451908	1.630127	Uncorrelated	1	2009	2004	2015	15.822919	24.170431	0.654640	0.523310	-0.005389	0.011998	-0.449156	0.660194	-0.070945	0.022065	-3.215289	0.006228	0.000343	0.000000	0.000144	1.000000	0.000000	1.000000
Men	20-49	MultipleMyeloma	0	19	2	17	37.886715	2.228630	Uncorrelated	0	NA	NA	NA	-78.950551	10.711652	-7.370530	0.000001	0.041755	0.005326	7.840029	0.000000	NA	NA	NA	NA	114.739481	-0.057049	0.000028	1.000000	-0.999997	1.000000
Men	20-49	Oral	1	19	4	15	3.993561	0.266237	Uncorrelated	0	NA	NA	NA	-69.765790	4.203003	-16.599035	0.000000	0.037892	0.002095	18.088454	0.000000	NA	NA	NA	NA	17.665232	0.000000	58.559694	1.000000	0.000000	1.000000
Men	20-49	Oral	1	19	4	15	3.993561	0.266237	Uncorrelated	1	2012	2011	2013	35.930500	7.652431	4.695306	0.000344	-0.014641	0.003796	-3.856901	0.001744	-0.052533	0.004336	-12.116522	0.000000	0.000004	0.000000	0.000014	1.000000	0.000000	1.000000
Men	20-49	Pancreas	0	19	2	17	19.168860	1.127580	Uncorrelated	0	NA	NA	NA	-37.639533	7.011230	-5.368464	0.000051	0.021269	0.003487	6.099338	0.000012	NA	NA	NA	NA	49.157345	-0.024448	0.000012	1.000000	-0.999996	1.000000
Men	20-49	Thyroid	1	19	4	15	7.994276	0.532952	Uncorrelated	0	NA	NA	NA	-151.569871	11.020966	-13.752866	0.000000	0.078114	0.005492	14.223561	0.000000	NA	NA	NA	NA	121.461688	0.000000	266.818695	1.000000	0.000000	1.000000
Men	20-49	Thyroid	1	19	4	15	7.994276	0.532952	Uncorrelated	1	2012	2009	2014	-62.341508	16.334586	-3.816534	0.001888	0.033766	0.008102	4.167629	0.000948	-0.044348	0.009788	-4.530946	0.000471	0.000030	0.000000	0.000066	1.000000	0.000000	1.000000
Men	50+	Colorectum	2	19	6	13	42.271746	3.251673	Uncorrelated	0	NA	NA	NA	-43.713558	2.875115	-15.204106	0.000000	0.026633	0.001433	18.579213	0.000000	NA	NA	NA	NA	8.266289	0.000000	0.000295	1.000000	0.000000	1.000000
Men	50+	Colorectum	2	19	6	13	42.271746	3.251673	Uncorrelated	1	2011	2008	2011	29.281004	34.579932	0.846763	0.415170	-0.009665	0.017183	-0.562491	0.585062	-0.036298	0.017242	-2.105147	0.059071	0.000002	0.000000	58.052206	1.000000	0.000000	1.000000
Men	50+	Colorectum	2	19	6	13	42.271746	3.251673	Uncorrelated	2	2014	2012	2017	-25.012120	7.619200	-3.282775	0.007298	0.017293	0.003777	4.577928	0.000793	0.026958	0.017593	1.532310	0.153687	1195.771676	0.000000	0.000014	1.000000	0.000000	1.000000
Men	50+	Gallbladder	0	19	2	17	37.868854	2.227580	Uncorrelated	0	NA	NA	NA	-84.254032	5.218813	-16.144290	0.000000	0.045094	0.002595	17.379530	0.000000	NA	NA	NA	NA	27.236009	-0.013541	0.000007	1.000000	-0.999996	1.000000
Men	50+	Kidney	3	19	8	11	25.654291	2.332208	Uncorrelated	0	NA	NA	NA	-89.753074	4.720712	-19.012616	0.000000	0.048774	0.002353	20.724783	0.000000	NA	NA	NA	NA	22.285117	0.000000	2179.971948	1.000000	0.000000	1.000000
Men	50+	Kidney	3	19	8	11	25.654291	2.332208	Uncorrelated	1	2011	2003	2011	-169.972256	49.543843	-3.430744	0.008945	0.088664	0.024618	3.601656	0.006966	0.039890	0.024730	1.613039	0.145401	0.000006	0.000000	0.000537	1.000000	0.000000	1.000000
Men	50+	Kidney	3	19	8	11	25.654291	2.332208	Uncorrelated	2	2014	2009	2014	23.604909	46.690170	0.505565	0.626794	-0.007452	0.023165	-0.321669	0.755947	-0.096116	0.033803	-2.843380	0.021699	2454.592416	0.000000	2040.619721	1.000000	0.000000	1.000000
Men	50+	Kidney	3	19	8	11	25.654291	2.332208	Uncorrelated	3	2017	2014	2017	-107.250089	45.173219	-2.374196	0.044951	0.057424	0.022379	2.565948	0.033337	0.064876	0.032210	2.014164	0.078768	0.000606	0.000000	0.000501	1.000000	0.000000	1.000000
Men	50+	Liver	1	19	4	15	28.598253	1.906550	Uncorrelated	0	NA	NA	NA	-143.007796	5.020138	-28.486828	0.000000	0.074978	0.002500	29.991089	0.000000	NA	NA	NA	NA	25.201782	0.000000	247.020014	1.000000	0.000000	1.000000
Men	50+	Liver	1	19	4	15	28.598253	1.906550	Uncorrelated	1	2014	2012	2016	-66.971025	15.716870	-4.261092	0.000791	0.037224	0.007792	4.777294	0.000295	-0.037754	0.008183	-4.613649	0.000402	0.000006	0.000000	0.000061	1.000000	0.000000	1.000000
Men	50+	MultipleMyeloma	0	19	2	17	116.891128	6.875949	Uncorrelated	0	NA	NA	NA	-85.241682	4.435437	-19.218328	0.000000	0.046298	0.002205	20.995051	0.000000	NA	NA	NA	NA	19.673101	-0.009781	0.000005	1.000000	-0.999996	1.000000
Men	50+	Oral	1	19	4	15	45.175149	3.011677	Uncorrelated	0	NA	NA	NA	-94.854352	5.599565	-16.939593	0.000000	0.051234	0.002790	18.364387	0.000000	NA	NA	NA	NA	31.355129	0.000000	163.480887	1.000000	0.000000	1.000000
Men	50+	Oral	1	19	4	15	45.175149	3.011677	Uncorrelated	1	2013	2003	2017	-66.628791	12.785964	-5.211088	0.000132	0.037213	0.006340	5.869202	0.000041	-0.014022	0.006927	-2.024207	0.062464	0.000008	0.000000	0.000040	1.000000	0.000000	1.000000
Men	50+	Pancreas	0	19	2	17	24.139543	1.419973	Uncorrelated	0	NA	NA	NA	-53.610505	1.688907	-31.742730	0.000000	0.030736	0.000840	36.596534	0.000000	NA	NA	NA	NA	2.852405	-0.001418	0.000001	1.000000	-0.999996	1.000000
Men	50+	Thyroid	1	19	4	15	21.203089	1.413539	Uncorrelated	0	NA	NA	NA	-149.802505	10.209042	-14.673512	0.000000	0.077475	0.005084	15.238751	0.000000	NA	NA	NA	NA	104.224539	0.000000	1023.344111	1.000000	0.000000	1.000000
Men	50+	Thyroid	1	19	4	15	21.203089	1.413539	Uncorrelated	1	2014	2003	2017	-74.451188	31.989750	-2.327345	0.035460	0.040061	0.015859	2.526023	0.024217	-0.037414	0.016654	-2.246482	0.041327	0.000026	0.000000	0.000252	1.000000	0.000000	1.000000
Women	20-49	Breast	1	19	4	15	29.804739	1.986983	Uncorrelated	0	NA	NA	NA	-33.976319	2.588226	-13.127259	0.000000	0.021392	0.001290	16.586195	0.000000	NA	NA	NA	NA	6.698916	0.000000	49.674487	1.000000	0.000000	1.000000
Women	20-49	Breast	1	19	4	15	29.804739	1.986983	Uncorrelated	1	2013	2012	2014	25.898552	7.048013	3.674589	0.002500	-0.008352	0.003495	-2.389586	0.031490	-0.029744	0.003726	-7.983787	0.000001	0.000002	0.000000	0.000012	1.000000	0.000000	1.000000
Women	20-49	Colorectum	1	19	4	15	22.306867	1.487124	Uncorrelated	0	NA	NA	NA	-76.821117	5.607664	-13.699309	0.000000	0.041625	0.002792	14.906510	0.000000	NA	NA	NA	NA	31.445894	0.000000	1023.742361	1.000000	0.000000	1.000000
Women	20-49	Colorectum	1	19	4	15	22.306867	1.487124	Uncorrelated	1	2015	2003	2017	-5.232104	31.995974	-0.163524	0.872443	0.006097	0.015859	0.384476	0.706403	-0.035528	0.016103	-2.206286	0.044572	0.000008	0.000000	0.000252	1.000000	0.000000	1.000000
Women	20-49	Endometrium	1	19	4	15	18.055054	1.203670	Uncorrelated	0	NA	NA	NA	-129.988379	29.454016	-4.413265	0.000590	0.067780	0.014700	4.610899	0.000404	NA	NA	NA	NA	867.539061	0.000000	73.813838	1.000000	0.000000	1.000000
Women	20-49	Endometrium	1	19	4	15	18.055054	1.203670	Uncorrelated	1	2007	2004	2011	-34.802485	8.591498	-4.050805	0.001191	0.020353	0.004266	4.770476	0.000299	-0.047427	0.015307	-3.098472	0.007856	0.000216	0.000000	0.000018	1.000000	0.000000	1.000000
Women	20-49	Gallbladder	0	19	2	17	6.134935	0.360879	Uncorrelated	0	NA	NA	NA	-60.481060	9.151483	-6.608881	0.000004	0.031810	0.004551	6.989983	0.000002	NA	NA	NA	NA	83.749647	-0.041647	0.000021	1.000000	-0.999996	1.000000
Women	20-49	Kidney	1	19	4	15	17.795232	1.186349	Uncorrelated	0	NA	NA	NA	-107.026958	10.137789	-10.557228	0.000000	0.055995	0.005048	11.093195	0.000000	NA	NA	NA	NA	102.774774	0.000000	3032.812075	1.000000	0.000000	1.000000
Women	20-49	Kidney	1	19	4	15	17.795232	1.186349	Uncorrelated	1	2015	2003	2017	3.892811	55.070973	0.070687	0.944647	0.000948	0.027297	0.034716	0.972796	-0.055047	0.027759	-1.983006	0.067339	0.000025	0.000000	0.000745	1.000000	0.000000	1.000000
Women	20-49	Liver	1	19	4	15	7.699733	0.513316	Uncorrelated	0	NA	NA	NA	-169.640938	39.449304	-4.300226	0.000733	0.086579	0.019682	4.398950	0.000606	NA	NA	NA	NA	1556.247554	0.000000	247.157130	1.000000	0.000000	1.000000
Women	20-49	Liver	1	19	4	15	7.699733	0.513316	Uncorrelated	1	2008	2003	2015	-30.494357	15.721232	-1.939693	0.072836	0.017283	0.007805	2.214273	0.043909	-0.069296	0.021173	-3.272881	0.005554	0.000387	0.000000	0.000061	1.000000	0.000000	1.000000
Women	20-49	MultipleMyeloma	0	19	2	17	25.573945	1.504350	Uncorrelated	0	NA	NA	NA	-116.003613	10.504465	-11.043267	0.000000	0.060012	0.005222	11.493284	0.000000	NA	NA	NA	NA	110.343783	-0.054849	0.000027	1.000000	-0.999997	1.000000
Women	20-49	Oral	2	19	6	13	13.038864	1.002990	Uncorrelated	0	NA	NA	NA	47.524904	94.798067	0.501328	0.626022	-0.021023	0.047352	-0.443967	0.665673	NA	NA	NA	NA	8986.673542	0.000000	0.002090	1.000000	0.000000	1.000000
Women	20-49	Oral	2	19	6	13	13.038864	1.002990	Uncorrelated	1	2004	2003	2011	-163.815209	91.700426	-1.786417	0.101590	0.084436	0.045712	1.847127	0.091780	0.105459	0.065817	1.602320	0.137389	0.002242	0.000000	123.656976	1.000000	0.000000	1.000000
Women	20-49	Oral	2	19	6	13	13.038864	1.002990	Uncorrelated	2	2008	2007	2017	-12.003402	11.120116	-1.079431	0.303495	0.008833	0.005521	1.599846	0.137938	-0.075603	0.046045	-1.641965	0.128849	8408.968095	0.000000	0.000030	1.000000	0.000000	1.000000
Women	20-49	Pancreas	0	19	2	17	14.547273	0.855722	Uncorrelated	0	NA	NA	NA	-55.596592	6.997525	-7.945180	0.000000	0.030069	0.003480	8.641118	0.000000	NA	NA	NA	NA	48.965350	-0.024350	0.000012	1.000000	-0.999996	1.000000
Women	20-49	Thyroid	1	19	4	15	11.912333	0.794156	Uncorrelated	0	NA	NA	NA	-146.478970	5.968705	-24.541164	0.000000	0.076213	0.002973	25.632018	0.000000	NA	NA	NA	NA	35.625440	0.000000	162.242866	1.000000	0.000000	1.000000
Women	20-49	Thyroid	1	19	4	15	11.912333	0.794156	Uncorrelated	1	2013	2011	2014	-52.976002	12.737459	-4.159071	0.000964	0.029763	0.006316	4.712099	0.000333	-0.046450	0.006981	-6.653581	0.000011	0.000009	0.000000	0.000040	1.000000	0.000000	1.000000
Women	50+	Breast	0	19	2	17	187.850480	11.050028	Uncorrelated	0	NA	NA	NA	-25.707939	1.523605	-16.873095	0.000000	0.017977	0.000758	23.722732	0.000000	NA	NA	NA	NA	2.321373	-0.001155	0.000001	1.000000	-0.999996	1.000000
Women	50+	Colorectum	2	19	6	13	26.798329	2.061410	Uncorrelated	0	NA	NA	NA	-27.696640	2.776715	-9.974606	0.000001	0.018554	0.001384	13.401403	0.000000	NA	NA	NA	NA	7.710148	0.000000	0.000014	1.000000	0.000000	1.000000
Women	50+	Colorectum	2	19	6	13	26.798329	2.061410	Uncorrelated	1	2011	2005	2013	1.905728	7.572932	0.251650	0.805951	0.003833	0.003760	1.019456	0.329885	-0.014720	0.004007	-3.673725	0.003666	0.000002	0.000000	1084.643177	1.000000	0.000000	1.000000
Women	50+	Colorectum	2	19	6	13	26.798329	2.061410	Uncorrelated	2	2017	2010	2017	-59.926438	32.933921	-1.819596	0.096116	0.034489	0.016316	2.113809	0.058191	0.030656	0.016744	1.830878	0.094317	57.349296	0.000000	0.000266	1.000000	0.000000	1.000000
Women	50+	Endometrium	1	19	4	15	27.979894	1.865326	Uncorrelated	0	NA	NA	NA	-66.912029	3.610015	-18.535109	0.000000	0.037636	0.001799	20.917285	0.000000	NA	NA	NA	NA	13.032211	0.000000	38.196525	1.000000	0.000000	1.000000
Women	50+	Endometrium	1	19	4	15	27.979894	1.865326	Uncorrelated	1	2012	2008	2015	-28.436587	6.180334	-4.601141	0.000412	0.018513	0.003066	6.039010	0.000030	-0.019123	0.003555	-5.379856	0.000097	0.000003	0.000000	0.000009	1.000000	0.000000	1.000000
Women	50+	Gallbladder	0	19	2	17	27.333545	1.607856	Uncorrelated	0	NA	NA	NA	-83.898163	3.745957	-22.396991	0.000000	0.045080	0.001862	24.205064	0.000000	NA	NA	NA	NA	14.032193	-0.006977	0.000003	1.000000	-0.999996	1.000000
Women	50+	Kidney	1	19	4	15	38.829133	2.588609	Uncorrelated	0	NA	NA	NA	-102.931697	5.054666	-20.363700	0.000000	0.055102	0.002518	21.886879	0.000000	NA	NA	NA	NA	25.549645	0.000000	308.133956	1.000000	0.000000	1.000000
Women	50+	Kidney	1	19	4	15	38.829133	2.588609	Uncorrelated	1	2014	2011	2016	-16.603478	17.553745	-0.945865	0.360257	0.012237	0.008703	1.406164	0.181482	-0.042864	0.009060	-4.731361	0.000322	0.000006	0.000000	0.000076	1.000000	0.000000	1.000000
Women	50+	Liver	1	19	4	15	52.577383	3.505159	Uncorrelated	0	NA	NA	NA	-119.338689	9.669710	-12.341496	0.000000	0.062935	0.004817	13.063916	0.000000	NA	NA	NA	NA	93.503300	0.000000	461.289379	1.000000	0.000000	1.000000
Women	50+	Liver	1	19	4	15	52.577383	3.505159	Uncorrelated	1	2013	2005	2017	-51.388477	21.477648	-2.392649	0.031306	0.029179	0.010651	2.739710	0.015964	-0.033756	0.011689	-2.887726	0.011928	0.000023	0.000000	0.000113	1.000000	0.000000	1.000000
Women	50+	MultipleMyeloma	2	19	6	13	52.096469	4.007421	Uncorrelated	0	NA	NA	NA	-44.913320	6.684562	-6.718962	0.000033	0.026091	0.003333	7.828708	0.000008	NA	NA	NA	NA	44.683373	0.000000	0.001385	1.000000	0.000000	1.000000
Women	50+	MultipleMyeloma	2	19	6	13	52.096469	4.007421	Uncorrelated	1	2011	2005	2012	-173.582484	74.885644	-2.317967	0.040723	0.090074	0.037209	2.420738	0.033962	0.063983	0.037358	1.712684	0.114778	0.000011	0.000000	240.282092	1.000000	0.000000	1.000000
Women	50+	MultipleMyeloma	2	19	6	13	52.096469	4.007421	Uncorrelated	2	2014	2013	2017	-16.079572	15.501035	-1.037322	0.321851	0.011870	0.007685	1.544524	0.150728	-0.078204	0.037994	-2.058299	0.064053	5607.859690	0.000000	0.000059	1.000000	0.000000	1.000000
Women	50+	Oral	2	19	6	13	12.516301	0.962792	Uncorrelated	0	NA	NA	NA	-63.701959	12.211368	-5.216611	0.000287	0.035391	0.006095	5.806808	0.000118	NA	NA	NA	NA	149.117499	0.000000	0.001044	1.000000	0.000000	1.000000
Women	50+	Oral	2	19	6	13	12.516301	0.962792	Uncorrelated	1	2007	2003	2013	-121.563891	64.905111	-1.872948	0.087876	0.064221	0.032315	1.987330	0.072357	0.028830	0.032885	0.876698	0.399392	0.000037	0.000000	27.589760	1.000000	0.000000	1.000000
Women	50+	Oral	2	19	6	13	12.516301	0.962792	Uncorrelated	2	2010	2009	2017	-55.854549	5.252596	-10.633705	0.000000	0.031530	0.002606	12.096686	0.000000	-0.032691	0.032420	-1.008363	0.334947	4212.673448	0.000000	0.000007	1.000000	0.000000	1.000000
Women	50+	Pancreas	1	19	4	15	11.970636	0.798042	Uncorrelated	0	NA	NA	NA	-40.226704	2.350215	-17.116181	0.000000	0.024092	0.001171	20.577415	0.000000	NA	NA	NA	NA	5.523510	0.000000	81.451613	1.000000	0.000000	1.000000
Women	50+	Pancreas	1	19	4	15	11.970636	0.798042	Uncorrelated	1	2014	2003	2017	-23.001552	9.025055	-2.548633	0.023179	0.015540	0.004474	3.472965	0.003730	-0.008553	0.004625	-1.849205	0.085653	0.000001	0.000000	0.000020	1.000000	0.000000	1.000000
Women	50+	Thyroid	2	19	6	13	12.214536	0.939580	Uncorrelated	0	NA	NA	NA	-106.998840	9.302055	-11.502710	0.000000	0.056537	0.004638	12.188594	0.000000	NA	NA	NA	NA	86.528220	0.000000	0.001735	1.000000	0.000000	1.000000
Women	50+	Thyroid	2	19	6	13	12.214536	0.939580	Uncorrelated	1	2010	2003	2011	-191.010793	83.787514	-2.279705	0.043559	0.098334	0.041653	2.360761	0.037763	0.041797	0.041911	0.997284	0.340059	0.000022	0.000000	148.849916	1.000000	0.000000	1.000000
Women	50+	Thyroid	2	19	6	13	12.214536	0.939580	Uncorrelated	2	2013	2012	2016	-67.547632	12.200406	-5.536507	0.000176	0.037001	0.006050	6.115847	0.000076	-0.061333	0.042090	-1.457170	0.173017	7020.347533	0.000000	0.000037	1.000000	0.000000	1.000000
