"Year","Sex","ASR (World)","Cancer label"
1950,2,23.5406332,"Breast"
1951,2,23.21139986,"Breast"
1952,2,23.61228536,"Breast"
1953,2,23.10616148,"Breast"
1954,2,23.50193721,"Breast"
1955,2,23.41636698,"Breast"
1956,2,23.47484412,"Breast"
1957,2,23.39382894,"Breast"
1958,2,23.90010222,"Breast"
1959,2,23.12349386,"Breast"
1960,2,23.7377539,"Breast"
1961,2,23.9781458,"Breast"
1962,2,23.97108887,"Breast"
1963,2,24.20596958,"Breast"
1964,2,25.05309819,"Breast"
1965,2,24.34198078,"Breast"
1966,2,24.39692771,"Breast"
1967,2,24.9967565,"Breast"
1968,2,25.27458157,"Breast"
1969,2,26.16895777,"Breast"
1970,2,26.39777888,"Breast"
1971,2,26.72607351,"Breast"
1972,2,26.93946822,"Breast"
1973,2,27.55302309,"Breast"
1974,2,26.71855685,"Breast"
1975,2,27.5501395,"Breast"
1976,2,27.6204454,"Breast"
1977,2,27.69801583,"Breast"
1978,2,27.94666578,"Breast"
1979,2,27.92867486,"Breast"
1980,2,28.3086414,"Breast"
1981,2,28.22752803,"Breast"
1982,2,28.22599926,"Breast"
1983,2,28.36904863,"Breast"
1984,2,29.13179827,"Breast"
1985,2,29.06570161,"Breast"
1986,2,29.37685591,"Breast"
1987,2,29.05446282,"Breast"
1988,2,28.85042402,"Breast"
1989,2,29.17790089,"Breast"
1990,2,28.10816864,"Breast"
1991,2,27.72483555,"Breast"
1992,2,27.28108837,"Breast"
1993,2,26.25381545,"Breast"
1994,2,25.9137828,"Breast"
1995,2,25.08229343,"Breast"
1996,2,23.75650292,"Breast"
1997,2,23.19371796,"Breast"
1998,2,22.65533557,"Breast"
1999,2,21.94926918,"Breast"
2000,2,21.44161804,"Breast"
2001,2,21.24040861,"Breast"
2002,2,20.6311712,"Breast"
2003,2,20.16203818,"Breast"
2004,2,19.58928855,"Breast"
2005,2,19.3826047,"Breast"
2006,2,18.97162562,"Breast"
2007,2,18.38744906,"Breast"
2008,2,17.92308517,"Breast"
2009,2,17.34717953,"Breast"
2010,2,16.59963026,"Breast"
2011,2,16.77777722,"Breast"
2012,2,16.37278761,"Breast"
2013,2,15.82748111,"Breast"
2014,2,15.37801831,"Breast"
2015,2,15.15104784,"Breast"
2016,2,15.08004013,"Breast"
1955,1,25.18924499,"Colorectum"
1956,1,24.28667906,"Colorectum"
1957,1,23.77923228,"Colorectum"
1958,1,23.41780429,"Colorectum"
1959,1,22.58786015,"Colorectum"
1960,1,22.28270363,"Colorectum"
1961,1,22.03550947,"Colorectum"
1962,1,21.93014293,"Colorectum"
1963,1,21.63413594,"Colorectum"
1964,1,21.5893321,"Colorectum"
1965,1,20.95884941,"Colorectum"
1966,1,21.6943716,"Colorectum"
1967,1,21.70557108,"Colorectum"
1968,1,22.39789165,"Colorectum"
1969,1,22.01512831,"Colorectum"
1970,1,21.98779962,"Colorectum"
1971,1,21.66492925,"Colorectum"
1972,1,21.91997002,"Colorectum"
1973,1,21.6267454,"Colorectum"
1974,1,21.86995548,"Colorectum"
1975,1,21.4261228,"Colorectum"
1976,1,22.12820603,"Colorectum"
1977,1,21.26757213,"Colorectum"
1978,1,20.81247927,"Colorectum"
1979,1,21.08467853,"Colorectum"
1980,1,20.51794674,"Colorectum"
1981,1,20.23872569,"Colorectum"
1982,1,19.70806405,"Colorectum"
1983,1,20.24125025,"Colorectum"
1984,1,21.21081515,"Colorectum"
1985,1,20.69023883,"Colorectum"
1986,1,20.22640167,"Colorectum"
1987,1,20.24489845,"Colorectum"
1988,1,20.49943194,"Colorectum"
1989,1,20.3187624,"Colorectum"
1990,1,20.17913063,"Colorectum"
1991,1,20.06301245,"Colorectum"
1992,1,20.49446636,"Colorectum"
1993,1,19.24550337,"Colorectum"
1994,1,18.49471495,"Colorectum"
1995,1,18.32867945,"Colorectum"
1996,1,17.81201837,"Colorectum"
1997,1,17.4786017,"Colorectum"
1998,1,17.14221808,"Colorectum"
1999,1,16.35404714,"Colorectum"
2000,1,15.9996473,"Colorectum"
2001,1,15.91115334,"Colorectum"
2002,1,15.7172584,"Colorectum"
2003,1,15.3668801,"Colorectum"
2004,1,15.20769952,"Colorectum"
2005,1,14.8187735,"Colorectum"
2006,1,14.36857241,"Colorectum"
2007,1,14.13045773,"Colorectum"
2008,1,14.20192746,"Colorectum"
2009,1,13.60927282,"Colorectum"
2010,1,13.53065792,"Colorectum"
2011,1,12.9290762,"Colorectum"
2012,1,13.0660648,"Colorectum"
2013,1,12.58577066,"Colorectum"
2014,1,12.14524607,"Colorectum"
2015,1,12.277529,"Colorectum"
2016,1,12.15638812,"Colorectum"
1955,2,20.0316136,"Colorectum"
1956,2,19.57533739,"Colorectum"
1957,2,18.67909687,"Colorectum"
1958,2,18.82801891,"Colorectum"
1959,2,19.01652801,"Colorectum"
1960,2,18.25697014,"Colorectum"
1961,2,17.89307482,"Colorectum"
1962,2,17.78377077,"Colorectum"
1963,2,17.51600451,"Colorectum"
1964,2,17.61349877,"Colorectum"
1965,2,17.47535255,"Colorectum"
1966,2,16.99836336,"Colorectum"
1967,2,17.35260975,"Colorectum"
1968,2,17.92046234,"Colorectum"
1969,2,17.72262608,"Colorectum"
1970,2,17.44667422,"Colorectum"
1971,2,16.96633467,"Colorectum"
1972,2,17.20849076,"Colorectum"
1973,2,16.96754209,"Colorectum"
1974,2,17.09306335,"Colorectum"
1975,2,17.05636722,"Colorectum"
1976,2,17.16718353,"Colorectum"
1977,2,16.19423137,"Colorectum"
1978,2,16.00390375,"Colorectum"
1979,2,15.82684088,"Colorectum"
1980,2,15.67953391,"Colorectum"
1981,2,14.91745818,"Colorectum"
1982,2,14.33999739,"Colorectum"
1983,2,14.89138808,"Colorectum"
1984,2,14.94024021,"Colorectum"
1985,2,15.15766929,"Colorectum"
1986,2,14.42936938,"Colorectum"
1987,2,14.46874121,"Colorectum"
1988,2,14.32085065,"Colorectum"
1989,2,13.92496292,"Colorectum"
1990,2,13.66727839,"Colorectum"
1991,2,13.53201518,"Colorectum"
1992,2,13.42303797,"Colorectum"
1993,2,12.51569599,"Colorectum"
1994,2,12.16759734,"Colorectum"
1995,2,11.73081449,"Colorectum"
1996,2,11.33261231,"Colorectum"
1997,2,10.95370335,"Colorectum"
1998,2,10.53675223,"Colorectum"
1999,2,10.44960715,"Colorectum"
2000,2,9.80876191,"Colorectum"
2001,2,9.537694643,"Colorectum"
2002,2,9.402465729,"Colorectum"
2003,2,9.423826242,"Colorectum"
2004,2,9.17577653,"Colorectum"
2005,2,9.124001593,"Colorectum"
2006,2,8.956548403,"Colorectum"
2007,2,8.989232819,"Colorectum"
2008,2,8.946365139,"Colorectum"
2009,2,8.53367262,"Colorectum"
2010,2,8.282964266,"Colorectum"
2011,2,8.143742023,"Colorectum"
2012,2,8.485909545,"Colorectum"
2013,2,8.19188734,"Colorectum"
2014,2,7.964281665,"Colorectum"
2015,2,8.109569143,"Colorectum"
2016,2,8.290165027,"Colorectum"
1950,1,38.28522878,"Lung"
1951,1,41.35304339,"Lung"
1952,1,44.02064552,"Lung"
1953,1,47.15584861,"Lung"
1954,1,50.44595901,"Lung"
1955,1,52.53401672,"Lung"
1956,1,55.04663382,"Lung"
1957,1,57.12373024,"Lung"
1958,1,58.73816509,"Lung"
1959,1,61.80431545,"Lung"
1960,1,63.2961459,"Lung"
1961,1,64.45195682,"Lung"
1962,1,66.23784676,"Lung"
1963,1,67.66279882,"Lung"
1964,1,68.76450208,"Lung"
1965,1,70.17392656,"Lung"
1966,1,70.89836065,"Lung"
1967,1,72.70721748,"Lung"
1968,1,73.08010338,"Lung"
1969,1,74.58317962,"Lung"
1970,1,74.5839222,"Lung"
1971,1,73.68868836,"Lung"
1972,1,74.62546959,"Lung"
1973,1,74.80314717,"Lung"
1974,1,75.23795868,"Lung"
1975,1,73.21179134,"Lung"
1976,1,74.10119586,"Lung"
1977,1,73.01732541,"Lung"
1978,1,73.12041234,"Lung"
1979,1,72.99369426,"Lung"
1980,1,71.53294407,"Lung"
1981,1,68.40203869,"Lung"
1982,1,67.45545755,"Lung"
1983,1,68.25214885,"Lung"
1984,1,66.755972,"Lung"
1985,1,65.91606228,"Lung"
1986,1,63.43792851,"Lung"
1987,1,61.5370075,"Lung"
1988,1,60.87143706,"Lung"
1989,1,58.50186973,"Lung"
1990,1,57.26366103,"Lung"
1991,1,56.17878625,"Lung"
1992,1,54.10304085,"Lung"
1993,1,51.51071398,"Lung"
1994,1,49.77319126,"Lung"
1995,1,47.65371981,"Lung"
1996,1,45.58485642,"Lung"
1997,1,43.32240385,"Lung"
1998,1,42.6331831,"Lung"
1999,1,40.50899041,"Lung"
2000,1,39.14749897,"Lung"
2001,1,38.20746074,"Lung"
2002,1,37.61013592,"Lung"
2003,1,35.68247393,"Lung"
2004,1,34.71926904,"Lung"
2005,1,34.17743212,"Lung"
2006,1,33.81441743,"Lung"
2007,1,33.12676412,"Lung"
2008,1,32.71419224,"Lung"
2009,1,31.84315863,"Lung"
2010,1,30.79050223,"Lung"
2011,1,30.26557235,"Lung"
2012,1,29.11605759,"Lung"
2013,1,28.72923387,"Lung"
2014,1,28.06490718,"Lung"
2015,1,26.88156745,"Lung"
2016,1,26.52300181,"Lung"
1950,2,6.021497614,"Lung"
1951,2,6.089823681,"Lung"
1952,2,6.325714238,"Lung"
1953,2,6.429131141,"Lung"
1954,2,6.611633208,"Lung"
1955,2,6.737283251,"Lung"
1956,2,7.049176961,"Lung"
1957,2,7.143183682,"Lung"
1958,2,7.435538357,"Lung"
1959,2,7.732540668,"Lung"
1960,2,8.028935326,"Lung"
1961,2,8.481678898,"Lung"
1962,2,8.788339758,"Lung"
1963,2,9.194058602,"Lung"
1964,2,9.730574592,"Lung"
1965,2,10.28895931,"Lung"
1966,2,10.66788933,"Lung"
1967,2,11.26756478,"Lung"
1968,2,11.73431285,"Lung"
1969,2,12.00106467,"Lung"
1970,2,12.45558415,"Lung"
1971,2,13.01809925,"Lung"
1972,2,13.62156883,"Lung"
1973,2,13.94243536,"Lung"
1974,2,14.93829752,"Lung"
1975,2,15.0661313,"Lung"
1976,2,15.51226307,"Lung"
1977,2,16.15508253,"Lung"
1978,2,16.7520067,"Lung"
1979,2,17.43223778,"Lung"
1980,2,17.85396311,"Lung"
1981,2,17.74932343,"Lung"
1982,2,18.86063428,"Lung"
1983,2,18.75503435,"Lung"
1984,2,20.00304729,"Lung"
1985,2,19.88283476,"Lung"
1986,2,20.12561785,"Lung"
1987,2,20.52996399,"Lung"
1988,2,21.28634004,"Lung"
1989,2,21.12716464,"Lung"
1990,2,21.01893962,"Lung"
1991,2,21.05967072,"Lung"
1992,2,20.95779241,"Lung"
1993,2,20.77338392,"Lung"
1994,2,20.79776127,"Lung"
1995,2,20.62450905,"Lung"
1996,2,20.59104105,"Lung"
1997,2,19.90525688,"Lung"
1998,2,20.28069932,"Lung"
1999,2,20.1005424,"Lung"
2000,2,19.9570003,"Lung"
2001,2,19.58241565,"Lung"
2002,2,19.69353811,"Lung"
2003,2,19.56822042,"Lung"
2004,2,19.63610443,"Lung"
2005,2,19.87373497,"Lung"
2006,2,20.6753267,"Lung"
2007,2,20.571709,"Lung"
2008,2,20.99854642,"Lung"
2009,2,20.48462502,"Lung"
2010,2,20.5131003,"Lung"
2011,2,20.32399397,"Lung"
2012,2,20.45433483,"Lung"
2013,2,20.00170915,"Lung"
2014,2,20.12402096,"Lung"
2015,2,19.86046163,"Lung"
2016,2,19.40387919,"Lung"
1950,1,5.498534684,"Oesophagus"
1951,1,5.441156147,"Oesophagus"
1952,1,5.319525846,"Oesophagus"
1953,1,4.74539252,"Oesophagus"
1954,1,4.670320864,"Oesophagus"
1955,1,4.75290486,"Oesophagus"
1956,1,4.78465469,"Oesophagus"
1957,1,4.555118298,"Oesophagus"
1958,1,4.467148513,"Oesophagus"
1959,1,4.703613797,"Oesophagus"
1960,1,4.349538937,"Oesophagus"
1961,1,4.44923718,"Oesophagus"
1962,1,4.684133014,"Oesophagus"
1963,1,4.522166597,"Oesophagus"
1964,1,4.347726855,"Oesophagus"
1965,1,4.609575809,"Oesophagus"
1966,1,4.702684582,"Oesophagus"
1967,1,4.827860119,"Oesophagus"
1968,1,5.250317693,"Oesophagus"
1969,1,4.822169264,"Oesophagus"
1970,1,5.064433597,"Oesophagus"
1971,1,5.154098094,"Oesophagus"
1972,1,5.298124601,"Oesophagus"
1973,1,5.248652641,"Oesophagus"
1974,1,5.390407838,"Oesophagus"
1975,1,5.407332568,"Oesophagus"
1976,1,5.615643698,"Oesophagus"
1977,1,5.633220033,"Oesophagus"
1978,1,5.926820344,"Oesophagus"
1979,1,5.879269351,"Oesophagus"
1980,1,6.084877853,"Oesophagus"
1981,1,6.071987894,"Oesophagus"
1982,1,6.306690491,"Oesophagus"
1983,1,6.42759677,"Oesophagus"
1984,1,6.537575439,"Oesophagus"
1985,1,7.117608668,"Oesophagus"
1986,1,6.938354493,"Oesophagus"
1987,1,7.322333411,"Oesophagus"
1988,1,7.576035874,"Oesophagus"
1989,1,7.556125935,"Oesophagus"
1990,1,7.890114797,"Oesophagus"
1991,1,7.947430976,"Oesophagus"
1992,1,8.126780321,"Oesophagus"
1993,1,8.344444223,"Oesophagus"
1994,1,8.628632017,"Oesophagus"
1995,1,8.509291881,"Oesophagus"
1996,1,8.511053377,"Oesophagus"
1997,1,8.426659294,"Oesophagus"
1998,1,8.699128701,"Oesophagus"
1999,1,8.537022932,"Oesophagus"
2000,1,8.448508488,"Oesophagus"
2001,1,8.686740992,"Oesophagus"
2002,1,8.773020682,"Oesophagus"
2003,1,9.025636688,"Oesophagus"
2004,1,8.640633312,"Oesophagus"
2005,1,8.808206323,"Oesophagus"
2006,1,8.709072441,"Oesophagus"
2007,1,8.539947729,"Oesophagus"
2008,1,8.812941447,"Oesophagus"
2009,1,8.694261944,"Oesophagus"
2010,1,8.500723401,"Oesophagus"
2011,1,8.418933975,"Oesophagus"
2012,1,8.369532391,"Oesophagus"
2013,1,8.21267691,"Oesophagus"
2014,1,7.922222489,"Oesophagus"
2015,1,8.182799961,"Oesophagus"
2016,1,8.029239437,"Oesophagus"
1950,2,2.397104146,"Oesophagus"
1951,2,2.330094376,"Oesophagus"
1952,2,2.368880577,"Oesophagus"
1953,2,2.337877102,"Oesophagus"
1954,2,2.479638541,"Oesophagus"
1955,2,2.458195416,"Oesophagus"
1956,2,2.405430133,"Oesophagus"
1957,2,2.340219708,"Oesophagus"
1958,2,2.367109477,"Oesophagus"
1959,2,2.235306452,"Oesophagus"
1960,2,2.320229061,"Oesophagus"
1961,2,2.421955553,"Oesophagus"
1962,2,2.407395003,"Oesophagus"
1963,2,2.392863267,"Oesophagus"
1964,2,2.615351917,"Oesophagus"
1965,2,2.460316566,"Oesophagus"
1966,2,2.505536075,"Oesophagus"
1967,2,2.557082973,"Oesophagus"
1968,2,2.578351846,"Oesophagus"
1969,2,2.702279605,"Oesophagus"
1970,2,2.624864497,"Oesophagus"
1971,2,2.697253089,"Oesophagus"
1972,2,2.593332054,"Oesophagus"
1973,2,2.739911084,"Oesophagus"
1974,2,2.875290571,"Oesophagus"
1975,2,2.766204914,"Oesophagus"
1976,2,2.885138605,"Oesophagus"
1977,2,2.932268548,"Oesophagus"
1978,2,3.023775274,"Oesophagus"
1979,2,2.849492242,"Oesophagus"
1980,2,2.923540858,"Oesophagus"
1981,2,2.830496379,"Oesophagus"
1982,2,2.952219655,"Oesophagus"
1983,2,2.979026105,"Oesophagus"
1984,2,3.149452304,"Oesophagus"
1985,2,3.101002577,"Oesophagus"
1986,2,3.108777471,"Oesophagus"
1987,2,3.061713214,"Oesophagus"
1988,2,3.039928677,"Oesophagus"
1989,2,3.269321768,"Oesophagus"
1990,2,3.328792118,"Oesophagus"
1991,2,3.259163617,"Oesophagus"
1992,2,3.301530246,"Oesophagus"
1993,2,3.395806951,"Oesophagus"
1994,2,3.328668466,"Oesophagus"
1995,2,3.442298292,"Oesophagus"
1996,2,3.371693598,"Oesophagus"
1997,2,3.322045785,"Oesophagus"
1998,2,3.12562627,"Oesophagus"
1999,2,3.432047861,"Oesophagus"
2000,2,3.276260473,"Oesophagus"
2001,2,3.139346084,"Oesophagus"
2002,2,3.304202839,"Oesophagus"
2003,2,3.155565008,"Oesophagus"
2004,2,3.10407071,"Oesophagus"
2005,2,3.103732868,"Oesophagus"
2006,2,3.105363122,"Oesophagus"
2007,2,3.077097721,"Oesophagus"
2008,2,3.065178545,"Oesophagus"
2009,2,2.880586493,"Oesophagus"
2010,2,2.821000128,"Oesophagus"
2011,2,2.742674801,"Oesophagus"
2012,2,2.75816015,"Oesophagus"
2013,2,2.748560008,"Oesophagus"
2014,2,2.771847012,"Oesophagus"
2015,2,2.657423308,"Oesophagus"
2016,2,2.677153977,"Oesophagus"
1955,1,6.42494618,"Pancreas"
1956,1,6.353206838,"Pancreas"
1957,1,6.619450735,"Pancreas"
1958,1,6.85114182,"Pancreas"
1959,1,7.110636319,"Pancreas"
1960,1,6.872765405,"Pancreas"
1961,1,6.903893891,"Pancreas"
1962,1,6.951263236,"Pancreas"
1963,1,7.3431472,"Pancreas"
1964,1,7.612622875,"Pancreas"
1965,1,7.646544121,"Pancreas"
1966,1,7.824294924,"Pancreas"
1967,1,7.660681041,"Pancreas"
1968,1,8.067021572,"Pancreas"
1969,1,8.209144835,"Pancreas"
1970,1,8.190352028,"Pancreas"
1971,1,8.246577595,"Pancreas"
1972,1,8.227994919,"Pancreas"
1973,1,8.009275817,"Pancreas"
1974,1,8.086733698,"Pancreas"
1975,1,8.4018748,"Pancreas"
1976,1,8.061601811,"Pancreas"
1977,1,8.252613747,"Pancreas"
1978,1,8.408048959,"Pancreas"
1979,1,8.511766969,"Pancreas"
1980,1,8.47951089,"Pancreas"
1981,1,7.851966427,"Pancreas"
1982,1,7.572982056,"Pancreas"
1983,1,7.801189243,"Pancreas"
1984,1,7.810460174,"Pancreas"
1985,1,7.699675554,"Pancreas"
1986,1,7.437392869,"Pancreas"
1987,1,7.458283644,"Pancreas"
1988,1,7.238064817,"Pancreas"
1989,1,7.276939425,"Pancreas"
1990,1,7.310785612,"Pancreas"
1991,1,7.06253221,"Pancreas"
1992,1,7.006629724,"Pancreas"
1993,1,6.811727108,"Pancreas"
1994,1,6.428199043,"Pancreas"
1995,1,6.415576312,"Pancreas"
1996,1,6.559803526,"Pancreas"
1997,1,6.376307719,"Pancreas"
1998,1,6.353289197,"Pancreas"
1999,1,6.255667654,"Pancreas"
2000,1,6.572259191,"Pancreas"
2001,1,6.252300109,"Pancreas"
2002,1,6.367547503,"Pancreas"
2003,1,6.473275903,"Pancreas"
2004,1,6.198334168,"Pancreas"
2005,1,6.264439572,"Pancreas"
2006,1,6.480966154,"Pancreas"
2007,1,6.624103218,"Pancreas"
2008,1,6.502501624,"Pancreas"
2009,1,6.498549341,"Pancreas"
2010,1,6.354359806,"Pancreas"
2011,1,6.710331015,"Pancreas"
2012,1,6.634674418,"Pancreas"
2013,1,6.505257451,"Pancreas"
2014,1,6.588206052,"Pancreas"
2015,1,6.480947442,"Pancreas"
2016,1,6.794736636,"Pancreas"
1955,2,4.126710271,"Pancreas"
1956,2,3.922158878,"Pancreas"
1957,2,4.138553454,"Pancreas"
1958,2,4.187260023,"Pancreas"
1959,2,4.371885449,"Pancreas"
1960,2,4.326602451,"Pancreas"
1961,2,4.404240265,"Pancreas"
1962,2,4.502406442,"Pancreas"
1963,2,4.46151874,"Pancreas"
1964,2,4.383567506,"Pancreas"
1965,2,4.572870913,"Pancreas"
1966,2,4.754308495,"Pancreas"
1967,2,4.691668443,"Pancreas"
1968,2,4.749953964,"Pancreas"
1969,2,4.758777754,"Pancreas"
1970,2,4.816641179,"Pancreas"
1971,2,4.849222882,"Pancreas"
1972,2,4.842950835,"Pancreas"
1973,2,4.981378523,"Pancreas"
1974,2,5.163864716,"Pancreas"
1975,2,4.979293493,"Pancreas"
1976,2,5.155095501,"Pancreas"
1977,2,5.111050616,"Pancreas"
1978,2,5.043598367,"Pancreas"
1979,2,5.132829284,"Pancreas"
1980,2,5.190323704,"Pancreas"
1981,2,4.881520591,"Pancreas"
1982,2,4.978560647,"Pancreas"
1983,2,4.941687941,"Pancreas"
1984,2,5.222385928,"Pancreas"
1985,2,5.189707353,"Pancreas"
1986,2,5.194256771,"Pancreas"
1987,2,5.173391343,"Pancreas"
1988,2,5.1941226,"Pancreas"
1989,2,5.223175817,"Pancreas"
1990,2,5.24133667,"Pancreas"
1991,2,4.811758741,"Pancreas"
1992,2,4.978207353,"Pancreas"
1993,2,4.945066821,"Pancreas"
1994,2,4.779955112,"Pancreas"
1995,2,4.832998382,"Pancreas"
1996,2,4.62314805,"Pancreas"
1997,2,4.615064392,"Pancreas"
1998,2,4.55654071,"Pancreas"
1999,2,4.783067221,"Pancreas"
2000,2,4.818269932,"Pancreas"
2001,2,4.720953137,"Pancreas"
2002,2,4.729443796,"Pancreas"
2003,2,4.677379515,"Pancreas"
2004,2,4.842244109,"Pancreas"
2005,2,4.989943848,"Pancreas"
2006,2,4.81831337,"Pancreas"
2007,2,5.106826881,"Pancreas"
2008,2,5.044407705,"Pancreas"
2009,2,5.134079256,"Pancreas"
2010,2,4.951398405,"Pancreas"
2011,2,5.054318071,"Pancreas"
2012,2,5.288282481,"Pancreas"
2013,2,5.030948915,"Pancreas"
2014,2,4.985554438,"Pancreas"
2015,2,5.108154585,"Pancreas"
2016,2,5.023498328,"Pancreas"
1950,1,10.77676684,"Prostate"
1951,1,10.78494379,"Prostate"
1952,1,10.44517628,"Prostate"
1953,1,10.91086673,"Prostate"
1954,1,11.34922525,"Prostate"
1955,1,11.25749073,"Prostate"
1956,1,12.0372465,"Prostate"
1957,1,11.55554641,"Prostate"
1958,1,11.87584422,"Prostate"
1959,1,11.76072744,"Prostate"
1960,1,11.93376719,"Prostate"
1961,1,11.74836755,"Prostate"
1962,1,12.24037896,"Prostate"
1963,1,12.34034301,"Prostate"
1964,1,11.85666673,"Prostate"
1965,1,12.6332688,"Prostate"
1966,1,12.21389961,"Prostate"
1967,1,11.92922977,"Prostate"
1968,1,11.94895853,"Prostate"
1969,1,12.03733971,"Prostate"
1970,1,11.55469472,"Prostate"
1971,1,11.60903396,"Prostate"
1972,1,11.809437,"Prostate"
1973,1,11.97145264,"Prostate"
1974,1,12.02788696,"Prostate"
1975,1,11.89141424,"Prostate"
1976,1,12.23717654,"Prostate"
1977,1,12.17207992,"Prostate"
1978,1,12.14414552,"Prostate"
1979,1,12.3868436,"Prostate"
1980,1,12.64175791,"Prostate"
1981,1,12.41678088,"Prostate"
1982,1,12.54618762,"Prostate"
1983,1,13.02334186,"Prostate"
1984,1,14.42587752,"Prostate"
1985,1,14.89240749,"Prostate"
1986,1,15.17546586,"Prostate"
1987,1,15.31596263,"Prostate"
1988,1,15.79760201,"Prostate"
1989,1,16.32550674,"Prostate"
1990,1,16.52434538,"Prostate"
1991,1,17.22887766,"Prostate"
1992,1,17.36399608,"Prostate"
1993,1,16.97084032,"Prostate"
1994,1,16.97691691,"Prostate"
1995,1,17.07113651,"Prostate"
1996,1,16.53979426,"Prostate"
1997,1,15.91601282,"Prostate"
1998,1,15.7275262,"Prostate"
1999,1,15.59561047,"Prostate"
2000,1,14.92144226,"Prostate"
2001,1,15.73607993,"Prostate"
2002,1,15.60583975,"Prostate"
2003,1,15.58521125,"Prostate"
2004,1,15.27699808,"Prostate"
2005,1,14.59365332,"Prostate"
2006,1,14.26917635,"Prostate"
2007,1,14.13756631,"Prostate"
2008,1,13.71906301,"Prostate"
2009,1,13.61917805,"Prostate"
2010,1,13.58103662,"Prostate"
2011,1,13.40736734,"Prostate"
2012,1,13.10744722,"Prostate"
2013,1,12.79199639,"Prostate"
2014,1,12.98631364,"Prostate"
2015,1,13.25261945,"Prostate"
2016,1,12.67428483,"Prostate"
