"age_group"	"sex"	"level"	"imd"	"variable"	"Model"	"#Obs"	"#Param"	"DF"	"SSE"	"MSE"	"Auto Corr"	"Segment"	"Joinpoint"	"Joinpoint 95% LCL"	"Joinpoint 95% UCL"	"Intercept Estimate"	"Intercept Std Error"	"Intercept Test Statistic"	"Intercept P-Value"	"Slope Estimate"	"Slope Std Error"	"Slope Test Statistic"	"Slope P-Value"	"SlopeChg Estimate"	"SlopeChg Std Error"	"SlopeChg Test Statistic"	"SlopeChg P-Value"	"Covar-Int vs Int"	"Covar-Int vs Slope"	"Covar-Slope vs Slope"	"Corr-Int vs Int"	"Corr-Int vs Slope"	"Corr-Slope vs Slope"
"All"	"Men"	"Heavy Drinker"	"1"	""alcohol_amt""	0	9	2	7	0.237303	0.033900	Uncorrelated	0	NA	NA	NA	44.528658	47.896308	0.929689	0.383473	-0.023436	0.023770	-0.985970	0.356993	NA	NA	NA	NA	2294.056347	-1.138488	0.000565	1.000000	-0.999999	1.000000
"All"	"Men"	"Heavy Drinker"	"2"	""alcohol_amt""	1	9	4	5	0.017552	0.003510	Uncorrelated	0	NA	NA	NA	70.764548	23.752361	2.979264	0.040769	-0.036488	0.011797	-3.093133	0.036463	NA	NA	NA	NA	564.174673	0.000000	19844.290855	1.000000	0.000000	1.000000
"All"	"Men"	"Heavy Drinker"	"2"	""alcohol_amt""	1	9	4	5	0.017552	0.003510	Uncorrelated	1	2017	2015	2017	-237.457001	140.869766	-1.685649	0.167144	0.116324	0.069789	1.666782	0.170886	0.152812	0.070779	2.158991	0.096999	0.000139	0.000000	0.004871	1.000000	0.000000	1.000000
"All"	"Men"	"Heavy Drinker"	"3"	""alcohol_amt""	0	9	2	7	0.141561	0.020223	Uncorrelated	0	NA	NA	NA	38.352445	36.993316	1.036740	0.334338	-0.020412	0.018359	-1.111824	0.302935	NA	NA	NA	NA	1368.505457	-0.679158	0.000337	1.000000	-0.999999	1.000000
"All"	"Men"	"Heavy Drinker"	"4"	""alcohol_amt""	0	9	2	7	0.135360	0.019337	Uncorrelated	0	NA	NA	NA	50.761370	36.173975	1.403257	0.203309	-0.026571	0.017952	-1.480103	0.182388	NA	NA	NA	NA	1308.556485	-0.649407	0.000322	1.000000	-0.999999	1.000000
"All"	"Men"	"Heavy Drinker"	"5"	""alcohol_amt""	0	9	2	7	0.245870	0.035124	Uncorrelated	0	NA	NA	NA	14.552501	48.753220	0.298493	0.773993	-0.008546	0.024195	-0.353215	0.734325	NA	NA	NA	NA	2376.876424	-1.179589	0.000585	1.000000	-0.999999	1.000000
"All"	"Women"	"Heavy Drinker"	"1"	""alcohol_amt""	1	9	4	5	0.113726	0.022745	Uncorrelated	0	NA	NA	NA	852.091576	462.543791	1.842186	0.139245	-0.425437	0.229950	-1.850132	0.137968	NA	NA	NA	NA	213946.758711	0.000000	6143.195416	1.000000	0.000000	1.000000
"All"	"Women"	"Heavy Drinker"	"1"	""alcohol_amt""	1	9	4	5	0.113726	0.022745	Uncorrelated	1	2013	2013	2017	-136.753427	78.378539	-1.744782	0.155964	0.065792	0.038869	1.692686	0.165770	0.491230	0.233212	2.106369	0.102911	0.052877	0.000000	0.001511	1.000000	0.000000	1.000000
"All"	"Women"	"Heavy Drinker"	"2"	""alcohol_amt""	0	9	2	7	0.658146	0.094021	Uncorrelated	0	NA	NA	NA	-27.756613	79.764936	-0.347980	0.738085	0.011849	0.039586	0.299334	0.773378	NA	NA	NA	NA	6362.445013	-3.157536	0.001567	1.000000	-0.999999	1.000000
"All"	"Women"	"Heavy Drinker"	"3"	""alcohol_amt""	0	9	2	7	0.492066	0.070295	Uncorrelated	0	NA	NA	NA	-34.132365	68.970317	-0.494885	0.635835	0.014976	0.034228	0.437536	0.674905	NA	NA	NA	NA	4756.904686	-2.360743	0.001172	1.000000	-0.999999	1.000000
"All"	"Women"	"Heavy Drinker"	"4"	""alcohol_amt""	0	9	2	7	0.530274	0.075753	Uncorrelated	0	NA	NA	NA	-9.636799	71.598036	-0.134596	0.896720	0.002797	0.035532	0.078728	0.939453	NA	NA	NA	NA	5126.278722	-2.544055	0.001263	1.000000	-0.999999	1.000000
"All"	"Women"	"Heavy Drinker"	"5"	""alcohol_amt""	0	9	2	7	0.515270	0.073610	Uncorrelated	0	NA	NA	NA	113.535195	70.577779	1.608654	0.151727	-0.058301	0.035026	-1.664512	0.139956	NA	NA	NA	NA	4981.222949	-2.472067	0.001227	1.000000	-0.999999	1.000000
"All"	"Men"	"Light Drinker"	"1"	""alcohol_amt""	1	9	4	5	0.003019	0.000604	Uncorrelated	0	NA	NA	NA	-46.260276	10.839899	-4.267593	0.012975	0.022606	0.005384	4.199127	0.013705	NA	NA	NA	NA	117.503414	0.000000	4133.067343	1.000000	0.000000	1.000000
"All"	"Men"	"Light Drinker"	"1"	""alcohol_amt""	1	9	4	5	0.003019	0.000604	Uncorrelated	1	2017	2014	2017	71.701532	64.288936	1.115301	0.327204	-0.035877	0.031850	-1.126452	0.322979	-0.058484	0.032302	-1.810551	0.144455	0.000029	0.000000	0.001014	1.000000	0.000000	1.000000
"All"	"Men"	"Light Drinker"	"2"	""alcohol_amt""	0	9	2	7	0.025553	0.003650	Uncorrelated	0	NA	NA	NA	-13.791968	15.717016	-0.877518	0.409311	0.006476	0.007800	0.830257	0.433793	NA	NA	NA	NA	247.024606	-0.122593	0.000061	1.000000	-0.999999	1.000000
"All"	"Men"	"Light Drinker"	"3"	""alcohol_amt""	0	9	2	7	0.005734	0.000819	Uncorrelated	0	NA	NA	NA	-8.830899	7.445158	-1.186127	0.274267	0.004016	0.003695	1.086887	0.313090	NA	NA	NA	NA	55.430377	-0.027509	0.000014	1.000000	-0.999999	1.000000
"All"	"Men"	"Light Drinker"	"4"	""alcohol_amt""	0	9	2	7	0.018881	0.002697	Uncorrelated	0	NA	NA	NA	-17.682865	13.510153	-1.308857	0.231912	0.008402	0.006705	1.253160	0.250383	NA	NA	NA	NA	182.524232	-0.090583	0.000045	1.000000	-0.999999	1.000000
"All"	"Men"	"Light Drinker"	"5"	""alcohol_amt""	0	9	2	7	0.016643	0.002378	Uncorrelated	0	NA	NA	NA	-36.094884	12.684225	-2.845651	0.024843	0.017490	0.006295	2.778426	0.027360	NA	NA	NA	NA	160.889573	-0.079846	0.000040	1.000000	-0.999999	1.000000
"All"	"Women"	"Light Drinker"	"1"	""alcohol_amt""	0	9	2	7	0.007267	0.001038	Uncorrelated	0	NA	NA	NA	0.858951	8.381485	0.102482	0.921248	-0.000664	0.004160	-0.159593	0.877709	NA	NA	NA	NA	70.249286	-0.034863	0.000017	1.000000	-0.999999	1.000000
"All"	"Women"	"Light Drinker"	"2"	""alcohol_amt""	1	9	4	5	0.004432	0.000886	Uncorrelated	0	NA	NA	NA	-26.599165	12.956986	-2.052882	0.109332	0.012968	0.006435	2.015139	0.114128	NA	NA	NA	NA	167.883494	0.000000	5905.137265	1.000000	0.000000	1.000000
"All"	"Women"	"Light Drinker"	"2"	""alcohol_amt""	1	9	4	5	0.004432	0.000886	Uncorrelated	1	2017	2013	2017	65.206011	76.844891	0.848541	0.443933	-0.032548	0.038070	-0.854949	0.440764	-0.045516	0.038610	-1.178848	0.303792	0.000041	0.000000	0.001449	1.000000	0.000000	1.000000
"All"	"Women"	"Light Drinker"	"3"	""alcohol_amt""	0	9	2	7	0.005056	0.000722	Uncorrelated	0	NA	NA	NA	2.340893	6.991074	0.334840	0.747555	-0.001420	0.003470	-0.409264	0.694579	NA	NA	NA	NA	48.875120	-0.024256	0.000012	1.000000	-0.999999	1.000000
"All"	"Women"	"Light Drinker"	"4"	""alcohol_amt""	0	9	2	7	0.006563	0.000938	Uncorrelated	0	NA	NA	NA	-8.310837	7.965352	-1.043373	0.331463	0.003858	0.003953	0.976031	0.361565	NA	NA	NA	NA	63.446836	-0.031487	0.000016	1.000000	-0.999999	1.000000
"All"	"Women"	"Light Drinker"	"5"	""alcohol_amt""	0	9	2	7	0.009486	0.001355	Uncorrelated	0	NA	NA	NA	-12.082341	9.576355	-1.261685	0.247477	0.005676	0.004753	1.194391	0.271222	NA	NA	NA	NA	91.706578	-0.045512	0.000023	1.000000	-0.999999	1.000000
"All"	"Men"	"Moderate Drinker"	"1"	""alcohol_amt""	1	9	4	5	0.008618	0.001724	Uncorrelated	0	NA	NA	NA	52.053986	17.198697	3.026624	0.038909	-0.026336	0.008542	-3.083237	0.036815	NA	NA	NA	NA	295.795194	0.000000	10404.305881	1.000000	0.000000	1.000000
"All"	"Men"	"Moderate Drinker"	"1"	""alcohol_amt""	1	9	4	5	0.008618	0.001724	Uncorrelated	1	2017	2013	2017	-68.562171	102.001499	-0.672168	0.538306	0.033464	0.050533	0.662211	0.544042	0.059800	0.051250	1.166822	0.308100	0.000073	0.000000	0.002554	1.000000	0.000000	1.000000
"All"	"Men"	"Moderate Drinker"	"2"	""alcohol_amt""	0	9	2	7	0.033515	0.004788	Uncorrelated	0	NA	NA	NA	12.368388	17.999869	0.687138	0.514109	-0.006643	0.008933	-0.743662	0.481291	NA	NA	NA	NA	323.995285	-0.160791	0.000080	1.000000	-0.999999	1.000000
"All"	"Men"	"Moderate Drinker"	"3"	""alcohol_amt""	0	9	2	7	0.010570	0.001510	Uncorrelated	0	NA	NA	NA	35.807381	10.108651	3.542251	0.009441	-0.018315	0.005017	-3.650711	0.008170	NA	NA	NA	NA	102.184833	-0.050712	0.000025	1.000000	-0.999999	1.000000
"All"	"Men"	"Moderate Drinker"	"4"	""alcohol_amt""	0	9	2	7	0.021126	0.003018	Uncorrelated	0	NA	NA	NA	49.062382	14.290953	3.433108	0.010939	-0.024960	0.007092	-3.519283	0.009737	NA	NA	NA	NA	204.231340	-0.101355	0.000050	1.000000	-0.999999	1.000000
"All"	"Men"	"Moderate Drinker"	"5"	""alcohol_amt""	0	9	2	7	0.043066	0.006152	Uncorrelated	0	NA	NA	NA	45.006711	20.404069	2.205771	0.063190	-0.023018	0.010126	-2.273094	0.057216	NA	NA	NA	NA	416.326029	-0.206613	0.000103	1.000000	-0.999999	1.000000
"All"	"Women"	"Moderate Drinker"	"1"	""alcohol_amt""	0	9	2	7	0.025776	0.003682	Uncorrelated	0	NA	NA	NA	25.889558	15.785388	1.640096	0.144992	-0.013590	0.007834	-1.734706	0.126380	NA	NA	NA	NA	249.178464	-0.123662	0.000061	1.000000	-0.999999	1.000000
"All"	"Women"	"Moderate Drinker"	"2"	""alcohol_amt""	1	9	4	5	0.025870	0.005174	Uncorrelated	0	NA	NA	NA	98.069657	20.648339	4.749518	0.008974	-0.049483	0.010255	-4.825246	0.008491	NA	NA	NA	NA	426.353888	0.000000	14996.579892	1.000000	0.000000	1.000000
"All"	"Women"	"Moderate Drinker"	"2"	""alcohol_amt""	1	9	4	5	0.025870	0.005174	Uncorrelated	1	2017	2015	2017	-287.183690	122.460524	-2.345112	0.078936	0.141521	0.060669	2.332663	0.080018	0.191003	0.061530	3.104245	0.036072	0.000105	0.000000	0.003681	1.000000	0.000000	1.000000
"All"	"Women"	"Moderate Drinker"	"3"	""alcohol_amt""	0	9	2	7	0.024491	0.003499	Uncorrelated	0	NA	NA	NA	27.274883	15.387058	1.772586	0.119584	-0.014358	0.007636	-1.880250	0.102128	NA	NA	NA	NA	236.761555	-0.117499	0.000058	1.000000	-0.999999	1.000000
"All"	"Women"	"Moderate Drinker"	"4"	""alcohol_amt""	0	9	2	7	0.051640	0.007377	Uncorrelated	0	NA	NA	NA	47.844744	22.343098	2.141366	0.069494	-0.024673	0.011088	-2.225112	0.061412	NA	NA	NA	NA	499.214031	-0.247748	0.000123	1.000000	-0.999999	1.000000
"All"	"Women"	"Moderate Drinker"	"5"	""alcohol_amt""	0	9	2	7	0.055248	0.007893	Uncorrelated	0	NA	NA	NA	13.099645	23.110413	0.566829	0.588536	-0.007506	0.011469	-0.654420	0.533744	NA	NA	NA	NA	534.091193	-0.265057	0.000132	1.000000	-0.999999	1.000000
"All"	"Men"	"Non-Drinker"	"1"	""alcohol_amt""	0	9	2	7	0.057639	0.008234	Uncorrelated	0	NA	NA	NA	-43.254808	23.605321	-1.832418	0.109556	0.020192	0.011715	1.723619	0.128438	NA	NA	NA	NA	557.211176	-0.276531	0.000137	1.000000	-0.999999	1.000000
"All"	"Men"	"Non-Drinker"	"2"	""alcohol_amt""	0	9	2	7	0.066633	0.009519	Uncorrelated	0	NA	NA	NA	-1.219847	25.380171	-0.048063	0.963009	-0.000568	0.012596	-0.045100	0.965287	NA	NA	NA	NA	644.153058	-0.319678	0.000159	1.000000	-0.999999	1.000000
"All"	"Men"	"Non-Drinker"	"3"	""alcohol_amt""	0	9	2	7	0.022347	0.003192	Uncorrelated	0	NA	NA	NA	-91.542279	14.698156	-6.228147	0.000433	0.044394	0.007294	6.086005	0.000498	NA	NA	NA	NA	216.035776	-0.107214	0.000053	1.000000	-0.999999	1.000000
"All"	"Men"	"Non-Drinker"	"4"	""alcohol_amt""	0	9	2	7	0.081567	0.011652	Uncorrelated	0	NA	NA	NA	-59.608604	28.080749	-2.122757	0.071430	0.028707	0.013936	2.059970	0.078369	NA	NA	NA	NA	788.528479	-0.391329	0.000194	1.000000	-0.999999	1.000000
"All"	"Men"	"Non-Drinker"	"5"	""alcohol_amt""	0	9	2	7	0.107397	0.015342	Uncorrelated	0	NA	NA	NA	5.607860	32.221579	0.174040	0.866760	-0.003477	0.015991	-0.217460	0.834052	NA	NA	NA	NA	1038.230162	-0.515250	0.000256	1.000000	-0.999999	1.000000
"All"	"Women"	"Non-Drinker"	"1"	""alcohol_amt""	0	9	2	7	0.047488	0.006784	Uncorrelated	0	NA	NA	NA	-58.525009	21.426084	-2.731484	0.029276	0.028053	0.010633	2.638263	0.033508	NA	NA	NA	NA	459.077083	-0.227829	0.000113	1.000000	-0.999999	1.000000
"All"	"Women"	"Non-Drinker"	"2"	""alcohol_amt""	0	9	2	7	0.096173	0.013739	Uncorrelated	0	NA	NA	NA	2.843968	30.491369	0.093271	0.928302	-0.002343	0.015132	-0.154822	0.881331	NA	NA	NA	NA	929.723603	-0.461401	0.000229	1.000000	-0.999999	1.000000
"All"	"Women"	"Non-Drinker"	"3"	""alcohol_amt""	0	9	2	7	0.054363	0.007766	Uncorrelated	0	NA	NA	NA	-37.237139	22.924588	-1.624332	0.148333	0.017666	0.011377	1.552760	0.164424	NA	NA	NA	NA	525.536736	-0.260812	0.000129	1.000000	-0.999999	1.000000
"All"	"Women"	"Non-Drinker"	"4"	""alcohol_amt""	0	9	2	7	0.013986	0.001998	Uncorrelated	0	NA	NA	NA	-13.514665	11.627670	-1.162285	0.283210	0.006001	0.005771	1.039965	0.332938	NA	NA	NA	NA	135.202707	-0.067098	0.000033	1.000000	-0.999999	1.000000
"All"	"Women"	"Non-Drinker"	"5"	""alcohol_amt""	0	9	2	7	0.015934	0.002276	Uncorrelated	0	NA	NA	NA	5.442807	12.411193	0.438540	0.674211	-0.003264	0.006159	-0.529909	0.612561	NA	NA	NA	NA	154.037712	-0.076445	0.000038	1.000000	-0.999999	1.000000
"All"	"Men"	"Healthy Weight"	"1"	""bmi""	0	19	2	17	0.037928	0.002231	Uncorrelated	0	NA	NA	NA	-3.989319	3.976611	-1.003196	0.329833	0.001345	0.001978	0.679668	0.505865	NA	NA	NA	NA	15.813436	-0.007867	0.000004	1.000000	-0.999996	1.000000
"All"	"Men"	"Healthy Weight"	"2"	""bmi""	0	19	2	17	0.089223	0.005248	Uncorrelated	0	NA	NA	NA	1.039754	6.099213	0.170473	0.866650	-0.001159	0.003034	-0.381973	0.707214	NA	NA	NA	NA	37.200404	-0.018508	0.000009	1.000000	-0.999996	1.000000
"All"	"Men"	"Healthy Weight"	"3"	""bmi""	2	19	6	13	0.028489	0.002191	Uncorrelated	0	NA	NA	NA	18.288906	6.697503	2.730705	0.019554	-0.009733	0.003337	-2.916711	0.014020	NA	NA	NA	NA	44.856545	0.000000	0.004054	1.000000	0.000000	1.000000
"All"	"Men"	"Healthy Weight"	"3"	""bmi""	2	19	6	13	0.028489	0.002191	Uncorrelated	1	2014	2011	2014	-129.575840	128.321165	-1.009778	0.334298	0.063685	0.063667	1.000283	0.338670	0.073418	0.063755	1.151580	0.273909	0.000011	0.000000	16515.376807	1.000000	0.000000	1.000000
"All"	"Men"	"Healthy Weight"	"3"	""bmi""	2	19	6	13	0.028489	0.002191	Uncorrelated	2	2017	2015	2017	158.082475	128.512166	1.230097	0.244319	-0.078932	0.063667	-1.239756	0.240863	-0.142617	0.090039	-1.583947	0.141513	16466.321262	0.000000	0.004054	1.000000	0.000000	1.000000
"All"	"Men"	"Healthy Weight"	"4"	""bmi""	1	19	4	15	0.066303	0.004420	Uncorrelated	0	NA	NA	NA	-37.783210	19.648183	-1.922988	0.075063	0.018277	0.009802	1.864593	0.083339	NA	NA	NA	NA	386.051085	0.000000	198.501072	1.000000	0.000000	1.000000
"All"	"Men"	"Healthy Weight"	"4"	""bmi""	1	19	4	15	0.066303	0.004420	Uncorrelated	1	2009	2003	2015	32.053308	14.089041	2.275053	0.039157	-0.016485	0.006994	-2.357090	0.033507	-0.034762	0.012041	-2.886881	0.011948	0.000096	0.000000	0.000049	1.000000	0.000000	1.000000
"All"	"Men"	"Healthy Weight"	"5"	""bmi""	0	19	2	17	0.151692	0.008923	Uncorrelated	0	NA	NA	NA	16.724330	7.952751	2.102962	0.050668	-0.008887	0.003957	-2.246181	0.038272	NA	NA	NA	NA	63.246248	-0.031466	0.000016	1.000000	-0.999996	1.000000
"All"	"Women"	"Healthy Weight"	"1"	""bmi""	0	19	2	17	0.026344	0.001550	Uncorrelated	0	NA	NA	NA	3.827242	3.314192	1.154804	0.264146	-0.002317	0.001649	-1.405184	0.177977	NA	NA	NA	NA	10.983867	-0.005465	0.000003	1.000000	-0.999996	1.000000
"All"	"Women"	"Healthy Weight"	"2"	""bmi""	2	19	6	13	0.029207	0.002247	Uncorrelated	0	NA	NA	NA	101.438922	60.539062	1.675595	0.121977	-0.051115	0.030239	-1.690362	0.119064	NA	NA	NA	NA	3664.978067	0.000000	0.003658	1.000000	0.000000	1.000000
"All"	"Women"	"Healthy Weight"	"2"	""bmi""	2	19	6	13	0.029207	0.002247	Uncorrelated	1	2004	2003	2007	-120.454121	121.289793	-0.993110	0.342000	0.059610	0.060479	0.985633	0.345497	0.110725	0.067617	1.637530	0.129780	0.000914	0.000000	51.849153	1.000000	0.000000	1.000000
"All"	"Women"	"Healthy Weight"	"2"	""bmi""	2	19	6	13	0.029207	0.002247	Uncorrelated	2	2007	2006	2011	20.195581	7.200636	2.804694	0.017130	-0.010470	0.003576	-2.927672	0.013748	-0.070080	0.060584	-1.156730	0.271886	14711.213975	0.000000	0.000013	1.000000	0.000000	1.000000
"All"	"Women"	"Healthy Weight"	"3"	""bmi""	0	19	2	17	0.031624	0.001860	Uncorrelated	0	NA	NA	NA	20.021610	3.631129	5.513881	0.000038	-0.010438	0.001807	-5.778075	0.000022	NA	NA	NA	NA	13.185096	-0.006560	0.000003	1.000000	-0.999996	1.000000
"All"	"Women"	"Healthy Weight"	"4"	""bmi""	0	19	2	17	0.106867	0.006286	Uncorrelated	0	NA	NA	NA	9.789269	6.675086	1.466538	0.160756	-0.005367	0.003321	-1.616100	0.124477	NA	NA	NA	NA	44.556779	-0.022167	0.000011	1.000000	-0.999996	1.000000
"All"	"Women"	"Healthy Weight"	"5"	""bmi""	0	19	2	17	0.065173	0.003834	Uncorrelated	0	NA	NA	NA	25.933419	5.212780	4.974969	0.000115	-0.013433	0.002593	-5.179473	0.000075	NA	NA	NA	NA	27.173073	-0.013519	0.000007	1.000000	-0.999996	1.000000
"All"	"Men"	"Obese"	"1"	""bmi""	0	19	2	17	0.091011	0.005354	Uncorrelated	0	NA	NA	NA	-22.659220	6.160038	-3.678422	0.001863	0.010551	0.003065	3.442841	0.003106	NA	NA	NA	NA	37.946072	-0.018879	0.000009	1.000000	-0.999996	1.000000
"All"	"Men"	"Obese"	"2"	""bmi""	0	19	2	17	0.057582	0.003387	Uncorrelated	0	NA	NA	NA	-14.053222	4.899788	-2.868129	0.010658	0.006309	0.002438	2.588102	0.019145	NA	NA	NA	NA	24.007921	-0.011944	0.000006	1.000000	-0.999996	1.000000
"All"	"Men"	"Obese"	"3"	""bmi""	0	19	2	17	0.078173	0.004598	Uncorrelated	0	NA	NA	NA	-31.256256	5.709055	-5.474856	0.000041	0.014870	0.002840	5.235409	0.000067	NA	NA	NA	NA	32.593308	-0.016215	0.000008	1.000000	-0.999996	1.000000
"All"	"Men"	"Obese"	"4"	""bmi""	0	19	2	17	0.137960	0.008115	Uncorrelated	0	NA	NA	NA	-20.843727	7.584247	-2.748292	0.013717	0.009706	0.003773	2.572258	0.019782	NA	NA	NA	NA	57.520798	-0.028617	0.000014	1.000000	-0.999996	1.000000
"All"	"Men"	"Obese"	"5"	""bmi""	0	19	2	17	0.083943	0.004938	Uncorrelated	0	NA	NA	NA	-38.962456	5.916001	-6.585944	0.000005	0.018724	0.002943	6.361642	0.000007	NA	NA	NA	NA	34.999074	-0.017412	0.000009	1.000000	-0.999996	1.000000
"All"	"Women"	"Obese"	"1"	""bmi""	0	19	2	17	0.121720	0.007160	Uncorrelated	0	NA	NA	NA	-18.610733	7.123896	-2.612437	0.018205	0.008484	0.003544	2.393761	0.028484	NA	NA	NA	NA	50.749895	-0.025249	0.000013	1.000000	-0.999996	1.000000
"All"	"Women"	"Obese"	"2"	""bmi""	0	19	2	17	0.097788	0.005752	Uncorrelated	0	NA	NA	NA	-17.236913	6.385251	-2.699489	0.015191	0.007862	0.003177	2.474834	0.024159	NA	NA	NA	NA	40.771429	-0.020284	0.000010	1.000000	-0.999996	1.000000
"All"	"Women"	"Obese"	"3"	""bmi""	0	19	2	17	0.066601	0.003918	Uncorrelated	0	NA	NA	NA	-37.387288	5.269594	-7.094909	0.000002	0.017936	0.002622	6.841587	0.000003	NA	NA	NA	NA	27.768616	-0.013815	0.000007	1.000000	-0.999996	1.000000
"All"	"Women"	"Obese"	"4"	""bmi""	0	19	2	17	0.077168	0.004539	Uncorrelated	0	NA	NA	NA	-23.894490	5.672223	-4.212544	0.000586	0.011271	0.002822	3.993843	0.000940	NA	NA	NA	NA	32.174113	-0.016007	0.000008	1.000000	-0.999996	1.000000
"All"	"Women"	"Obese"	"5"	""bmi""	0	19	2	17	0.045163	0.002657	Uncorrelated	0	NA	NA	NA	-40.147291	4.339391	-9.251827	0.000000	0.019411	0.002159	8.991027	0.000000	NA	NA	NA	NA	18.830312	-0.009368	0.000005	1.000000	-0.999996	1.000000
"All"	"Men"	"Overweight"	"1"	""bmi""	0	19	2	17	0.027911	0.001642	Uncorrelated	0	NA	NA	NA	11.077229	3.411300	3.247216	0.004740	-0.005874	0.001697	-3.461197	0.002985	NA	NA	NA	NA	11.636968	-0.005789	0.000003	1.000000	-0.999996	1.000000
"All"	"Men"	"Overweight"	"2"	""bmi""	0	19	2	17	0.024817	0.001460	Uncorrelated	0	NA	NA	NA	6.234798	3.216701	1.938258	0.069381	-0.003484	0.001600	-2.177226	0.043842	NA	NA	NA	NA	10.347166	-0.005148	0.000003	1.000000	-0.999996	1.000000
"All"	"Men"	"Overweight"	"3"	""bmi""	0	19	2	17	0.022394	0.001317	Uncorrelated	0	NA	NA	NA	13.981256	3.055626	4.575579	0.000269	-0.007357	0.001520	-4.839436	0.000154	NA	NA	NA	NA	9.336847	-0.004645	0.000002	1.000000	-0.999996	1.000000
"All"	"Men"	"Overweight"	"4"	""bmi""	2	19	6	13	0.012279	0.000945	Uncorrelated	0	NA	NA	NA	148.546515	86.906344	1.709271	0.115425	-0.074601	0.043421	-1.718102	0.113759	NA	NA	NA	NA	7552.712699	0.000000	0.000016	1.000000	0.000000	1.000000
"All"	"Men"	"Overweight"	"4"	""bmi""	2	19	6	13	0.012279	0.000945	Uncorrelated	1	2003	2003	2006	15.927034	7.959198	2.001085	0.070672	-0.008391	0.003964	-2.116843	0.057886	0.066210	0.043601	1.518548	0.157081	0.001885	0.000000	219.038506	1.000000	0.000000	1.000000
"All"	"Men"	"Overweight"	"4"	""bmi""	2	19	6	13	0.012279	0.000945	Uncorrelated	2	2013	2008	2017	-30.293457	14.799950	-2.046862	0.065328	0.014570	0.007339	1.985222	0.072618	0.022961	0.008341	2.752667	0.018801	63.348836	0.000000	0.000054	1.000000	0.000000	1.000000
"All"	"Men"	"Overweight"	"5"	""bmi""	0	19	2	17	0.065132	0.003831	Uncorrelated	0	NA	NA	NA	10.403174	5.211152	1.996329	0.062171	-0.005639	0.002593	-2.175153	0.044021	NA	NA	NA	NA	27.156108	-0.013510	0.000007	1.000000	-0.999996	1.000000
"All"	"Women"	"Overweight"	"1"	""bmi""	1	19	4	15	0.028588	0.001906	Uncorrelated	0	NA	NA	NA	-12.237929	8.125405	-1.506132	0.154260	0.005567	0.004052	1.373990	0.191045	NA	NA	NA	NA	66.022204	0.000000	130.982904	1.000000	0.000000	1.000000
"All"	"Women"	"Overweight"	"1"	""bmi""	1	19	4	15	0.028588	0.001906	Uncorrelated	1	2011	2005	2015	27.054371	11.444776	2.363906	0.033074	-0.013972	0.005678	-2.460543	0.027480	-0.019539	0.006976	-2.801002	0.014152	0.000016	0.000000	0.000032	1.000000	0.000000	1.000000
"All"	"Women"	"Overweight"	"2"	""bmi""	0	19	2	17	0.085588	0.005035	Uncorrelated	0	NA	NA	NA	6.860742	5.973672	1.148497	0.266668	-0.003958	0.002972	-1.331774	0.200516	NA	NA	NA	NA	35.684758	-0.017753	0.000009	1.000000	-0.999996	1.000000
"All"	"Women"	"Overweight"	"3"	""bmi""	0	19	2	17	0.015083	0.000887	Uncorrelated	0	NA	NA	NA	4.481569	2.507719	1.787110	0.091762	-0.002771	0.001248	-2.221375	0.040196	NA	NA	NA	NA	6.288655	-0.003129	0.000002	1.000000	-0.999996	1.000000
"All"	"Women"	"Overweight"	"4"	""bmi""	0	19	2	17	0.063980	0.003764	Uncorrelated	0	NA	NA	NA	9.472387	5.164852	1.834010	0.084219	-0.005277	0.002570	-2.053617	0.055727	NA	NA	NA	NA	26.675694	-0.013271	0.000007	1.000000	-0.999996	1.000000
"All"	"Women"	"Overweight"	"5"	""bmi""	0	19	2	17	0.078542	0.004620	Uncorrelated	0	NA	NA	NA	9.467250	5.722521	1.654384	0.116393	-0.005296	0.002847	-1.860233	0.080243	NA	NA	NA	NA	32.747250	-0.016292	0.000008	1.000000	-0.999996	1.000000
"All"	"Men"	"Underweight"	"1"	""bmi""	0	19	2	17	5.131413	0.301848	Uncorrelated	0	NA	NA	NA	-24.225529	46.254528	-0.523744	0.607218	0.009418	0.023012	0.409257	0.687461	NA	NA	NA	NA	2139.481371	-1.064411	0.000530	1.000000	-0.999996	1.000000
"All"	"Men"	"Underweight"	"2"	""bmi""	0	18	2	16	4.633687	0.289605	Uncorrelated	0	NA	NA	NA	-92.500650	48.267291	-1.916425	0.073351	0.043414	0.024008	1.808303	0.089392	NA	NA	NA	NA	2329.731389	-1.158806	0.000576	1.000000	-0.999997	1.000000
"All"	"Men"	"Underweight"	"3"	""bmi""	0	19	2	17	6.894609	0.405565	Uncorrelated	0	NA	NA	NA	53.346978	53.615528	0.994991	0.333693	-0.029131	0.026674	-1.092082	0.290033	NA	NA	NA	NA	2874.624837	-1.430151	0.000712	1.000000	-0.999996	1.000000
"All"	"Men"	"Underweight"	"4"	""bmi""	0	19	2	17	3.030765	0.178280	Uncorrelated	0	NA	NA	NA	-67.600185	35.547733	-1.901674	0.074299	0.031338	0.017685	1.771986	0.094318	NA	NA	NA	NA	1263.641288	-0.628673	0.000313	1.000000	-0.999996	1.000000
"All"	"Men"	"Underweight"	"5"	""bmi""	0	19	2	17	2.128503	0.125206	Uncorrelated	0	NA	NA	NA	13.037508	29.790164	0.437645	0.667153	-0.008565	0.014821	-0.577876	0.570924	NA	NA	NA	NA	887.453850	-0.441516	0.000220	1.000000	-0.999996	1.000000
"All"	"Women"	"Underweight"	"1"	""bmi""	0	19	2	17	3.418491	0.201088	Uncorrelated	0	NA	NA	NA	-9.792729	37.753132	-0.259389	0.798450	0.002703	0.018783	0.143936	0.887243	NA	NA	NA	NA	1425.298997	-0.709099	0.000353	1.000000	-0.999996	1.000000
"All"	"Women"	"Underweight"	"2"	""bmi""	0	19	2	17	1.597029	0.093943	Uncorrelated	0	NA	NA	NA	-5.930162	25.804307	-0.229813	0.820980	0.000829	0.012838	0.064549	0.949286	NA	NA	NA	NA	665.862251	-0.331272	0.000165	1.000000	-0.999996	1.000000
"All"	"Women"	"Underweight"	"3"	""bmi""	0	19	2	17	1.287195	0.075717	Uncorrelated	0	NA	NA	NA	-16.055149	23.166365	-0.693037	0.497646	0.005856	0.011526	0.508095	0.617916	NA	NA	NA	NA	536.680449	-0.267003	0.000133	1.000000	-0.999996	1.000000
"All"	"Women"	"Underweight"	"4"	""bmi""	0	19	2	17	3.258830	0.191696	Uncorrelated	0	NA	NA	NA	-41.719694	36.860958	-1.131813	0.273427	0.018704	0.018339	1.019916	0.322064	NA	NA	NA	NA	1358.730244	-0.675980	0.000336	1.000000	-0.999996	1.000000
"All"	"Women"	"Underweight"	"5"	""bmi""	0	19	2	17	1.151377	0.067728	Uncorrelated	0	NA	NA	NA	-0.361171	21.910109	-0.016484	0.987040	-0.001764	0.010901	-0.161807	0.873366	NA	NA	NA	NA	480.052859	-0.238830	0.000119	1.000000	-0.999996	1.000000
"All"	"Men"	"Below Recommendations"	"1"	""physical_activity_old""	0	5	2	3	0.001723	0.000574	Uncorrelated	0	NA	NA	NA	40.074089	6.721313	5.962241	0.009439	-0.020193	0.003350	-6.028421	0.009150	NA	NA	NA	NA	45.176045	-0.022514	0.000011	1.000000	-0.999999	1.000000
"All"	"Men"	"Below Recommendations"	"2"	""physical_activity_old""	0	5	2	3	0.001670	0.000557	Uncorrelated	0	NA	NA	NA	27.032911	6.616585	4.085629	0.026494	-0.013717	0.003297	-4.159965	0.025264	NA	NA	NA	NA	43.779201	-0.021818	0.000011	1.000000	-0.999999	1.000000
"All"	"Men"	"Below Recommendations"	"3"	""physical_activity_old""	0	5	2	3	0.002418	0.000806	Uncorrelated	0	NA	NA	NA	18.815643	7.960768	2.363546	0.099081	-0.009640	0.003967	-2.429802	0.093347	NA	NA	NA	NA	63.373830	-0.031583	0.000016	1.000000	-0.999999	1.000000
"All"	"Men"	"Below Recommendations"	"4"	""physical_activity_old""	0	5	2	3	0.003225	0.001075	Uncorrelated	0	NA	NA	NA	31.289385	9.194632	3.403006	0.042368	-0.015863	0.004582	-3.461785	0.040588	NA	NA	NA	NA	84.541252	-0.042131	0.000021	1.000000	-0.999999	1.000000
"All"	"Men"	"Below Recommendations"	"5"	""physical_activity_old""	0	5	2	3	0.001878	0.000626	Uncorrelated	0	NA	NA	NA	-3.305499	7.016908	-0.471076	0.669724	0.001427	0.003497	0.408005	0.710643	NA	NA	NA	NA	49.237003	-0.024537	0.000012	1.000000	-0.999999	1.000000
"All"	"Women"	"Below Recommendations"	"1"	""physical_activity_old""	0	5	2	3	0.000847	0.000282	Uncorrelated	0	NA	NA	NA	40.363647	4.710764	8.568386	0.003341	-0.020284	0.002348	-8.640223	0.003261	NA	NA	NA	NA	22.191302	-0.011059	0.000006	1.000000	-0.999999	1.000000
"All"	"Women"	"Below Recommendations"	"2"	""physical_activity_old""	0	5	2	3	0.000473	0.000158	Uncorrelated	0	NA	NA	NA	31.751533	3.520994	9.017775	0.002879	-0.015992	0.001755	-9.113756	0.002792	NA	NA	NA	NA	12.397400	-0.006178	0.000003	1.000000	-0.999999	1.000000
"All"	"Women"	"Below Recommendations"	"3"	""physical_activity_old""	0	5	2	3	0.000226	0.000075	Uncorrelated	0	NA	NA	NA	17.056933	2.435068	7.004706	0.005975	-0.008671	0.001214	-7.145343	0.005644	NA	NA	NA	NA	5.929555	-0.002955	0.000001	1.000000	-0.999999	1.000000
"All"	"Women"	"Below Recommendations"	"4"	""physical_activity_old""	0	5	2	3	0.001770	0.000590	Uncorrelated	0	NA	NA	NA	26.205590	6.812345	3.846779	0.031007	-0.013224	0.003395	-3.895076	0.030019	NA	NA	NA	NA	46.408049	-0.023128	0.000012	1.000000	-0.999999	1.000000
"All"	"Women"	"Below Recommendations"	"5"	""physical_activity_old""	0	5	2	3	0.001093	0.000364	Uncorrelated	0	NA	NA	NA	15.555279	5.352126	2.906374	0.062179	-0.007899	0.002667	-2.961551	0.059470	NA	NA	NA	NA	28.645249	-0.014275	0.000007	1.000000	-0.999999	1.000000
"All"	"Men"	"Meets Recommendations"	"1"	""physical_activity_old""	0	5	2	3	0.006701	0.002234	Uncorrelated	0	NA	NA	NA	-72.802008	13.253345	-5.493104	0.011871	0.035765	0.006605	5.414971	0.012353	NA	NA	NA	NA	175.651155	-0.087536	0.000044	1.000000	-0.999999	1.000000
"All"	"Men"	"Meets Recommendations"	"2"	""physical_activity_old""	0	5	2	3	0.004903	0.001634	Uncorrelated	0	NA	NA	NA	-44.542686	11.336684	-3.929076	0.029348	0.021725	0.005650	3.845266	0.031039	NA	NA	NA	NA	128.520394	-0.064049	0.000032	1.000000	-0.999999	1.000000
"All"	"Men"	"Meets Recommendations"	"3"	""physical_activity_old""	0	5	2	3	0.005644	0.001881	Uncorrelated	0	NA	NA	NA	-28.879331	12.163582	-2.374246	0.098127	0.013946	0.006062	2.300710	0.104920	NA	NA	NA	NA	147.952733	-0.073733	0.000037	1.000000	-0.999999	1.000000
"All"	"Men"	"Meets Recommendations"	"4"	""physical_activity_old""	0	5	2	3	0.007421	0.002474	Uncorrelated	0	NA	NA	NA	-45.611868	13.947791	-3.270186	0.046770	0.022293	0.006951	3.207169	0.049062	NA	NA	NA	NA	194.540861	-0.096950	0.000048	1.000000	-0.999999	1.000000
"All"	"Men"	"Meets Recommendations"	"5"	""physical_activity_old""	0	5	2	3	0.005774	0.001925	Uncorrelated	0	NA	NA	NA	4.523417	12.302899	0.367671	0.737527	-0.002767	0.006131	-0.451332	0.682380	NA	NA	NA	NA	151.361328	-0.075432	0.000038	1.000000	-0.999999	1.000000
"All"	"Women"	"Meets Recommendations"	"1"	""physical_activity_old""	0	5	2	3	0.006840	0.002280	Uncorrelated	0	NA	NA	NA	-97.814336	13.390284	-7.304874	0.005298	0.048115	0.006673	7.210324	0.005499	NA	NA	NA	NA	179.299709	-0.089355	0.000045	1.000000	-0.999999	1.000000
"All"	"Women"	"Meets Recommendations"	"2"	""physical_activity_old""	0	5	2	3	0.004941	0.001647	Uncorrelated	0	NA	NA	NA	-80.122372	11.380546	-7.040292	0.005889	0.039301	0.005672	6.929502	0.006162	NA	NA	NA	NA	129.516830	-0.064545	0.000032	1.000000	-0.999999	1.000000
"All"	"Women"	"Meets Recommendations"	"3"	""physical_activity_old""	0	5	2	3	0.001769	0.000590	Uncorrelated	0	NA	NA	NA	-43.638521	6.810521	-6.407515	0.007701	0.021129	0.003394	6.225238	0.008357	NA	NA	NA	NA	46.383201	-0.023115	0.000012	1.000000	-0.999999	1.000000
"All"	"Women"	"Meets Recommendations"	"4"	""physical_activity_old""	0	5	2	3	0.014644	0.004881	Uncorrelated	0	NA	NA	NA	-69.900958	19.592915	-3.567665	0.037614	0.034197	0.009764	3.502245	0.039417	NA	NA	NA	NA	383.882299	-0.191309	0.000095	1.000000	-0.999999	1.000000
"All"	"Women"	"Meets Recommendations"	"5"	""physical_activity_old""	0	5	2	3	0.010065	0.003355	Uncorrelated	0	NA	NA	NA	-47.858726	16.243622	-2.946309	0.060203	0.023169	0.008095	2.862047	0.064469	NA	NA	NA	NA	263.855259	-0.131493	0.000066	1.000000	-0.999999	1.000000
"All"	"Men"	"Current"	"1"	""smoking_status""	0	19	2	17	0.132305	0.007783	Uncorrelated	0	NA	NA	NA	60.153261	7.427167	8.099086	0.000000	-0.030916	0.003695	-8.366651	0.000000	NA	NA	NA	NA	55.162811	-0.027444	0.000014	1.000000	-0.999996	1.000000
"All"	"Men"	"Current"	"2"	""smoking_status""	0	19	2	17	0.171151	0.010068	Uncorrelated	0	NA	NA	NA	44.686159	8.447450	5.289899	0.000060	-0.023102	0.004203	-5.497025	0.000039	NA	NA	NA	NA	71.359414	-0.035502	0.000018	1.000000	-0.999996	1.000000
"All"	"Men"	"Current"	"3"	""smoking_status""	1	19	4	15	0.119508	0.007967	Uncorrelated	0	NA	NA	NA	-203.966985	252.126195	-0.808988	0.432056	0.101161	0.125969	0.803065	0.435360	NA	NA	NA	NA	63567.618432	0.000000	94.418733	1.000000	0.000000	1.000000
"All"	"Men"	"Current"	"3"	""smoking_status""	1	19	4	15	0.119508	0.007967	Uncorrelated	1	2003	2003	2006	51.261897	9.716930	5.275524	0.000117	-0.026262	0.004831	-5.436580	0.000088	-0.127423	0.126061	-1.010805	0.329261	0.015868	0.000000	0.000023	1.000000	0.000000	1.000000
"All"	"Men"	"Current"	"4"	""smoking_status""	1	19	4	15	0.043639	0.002909	Uncorrelated	0	NA	NA	NA	-4.955871	17.056594	-0.290555	0.775652	0.001869	0.008509	0.219652	0.829313	NA	NA	NA	NA	290.927383	0.000000	149.590040	1.000000	0.000000	1.000000
"All"	"Men"	"Current"	"4"	""smoking_status""	1	19	4	15	0.043639	0.002909	Uncorrelated	1	2009	2004	2016	71.338466	12.230701	5.832737	0.000043	-0.036107	0.006071	-5.947172	0.000036	-0.037976	0.010453	-3.633028	0.002715	0.000072	0.000000	0.000037	1.000000	0.000000	1.000000
"All"	"Men"	"Current"	"5"	""smoking_status""	0	19	2	17	0.155829	0.009166	Uncorrelated	0	NA	NA	NA	22.869115	8.060456	2.837199	0.011378	-0.011899	0.004010	-2.967132	0.008639	NA	NA	NA	NA	64.970950	-0.032324	0.000016	1.000000	-0.999996	1.000000
"All"	"Women"	"Current"	"1"	""smoking_status""	0	19	2	17	0.137027	0.008060	Uncorrelated	0	NA	NA	NA	93.126344	7.558570	12.320630	0.000000	-0.047435	0.003760	-12.614163	0.000000	NA	NA	NA	NA	57.131981	-0.028424	0.000014	1.000000	-0.999996	1.000000
"All"	"Women"	"Current"	"2"	""smoking_status""	0	19	2	17	0.113228	0.006660	Uncorrelated	0	NA	NA	NA	67.899623	6.870885	9.882224	0.000000	-0.034747	0.003418	-10.164767	0.000000	NA	NA	NA	NA	47.209063	-0.023487	0.000012	1.000000	-0.999996	1.000000
"All"	"Women"	"Current"	"3"	""smoking_status""	0	19	2	17	0.097259	0.005721	Uncorrelated	0	NA	NA	NA	69.312561	6.367975	10.884553	0.000000	-0.035346	0.003168	-11.156600	0.000000	NA	NA	NA	NA	40.551106	-0.020175	0.000010	1.000000	-0.999996	1.000000
"All"	"Women"	"Current"	"4"	""smoking_status""	0	19	2	17	0.069083	0.004064	Uncorrelated	0	NA	NA	NA	53.548700	5.366878	9.977626	0.000000	-0.027372	0.002670	-10.251348	0.000000	NA	NA	NA	NA	28.803380	-0.014330	0.000007	1.000000	-0.999996	1.000000
"All"	"Women"	"Current"	"5"	""smoking_status""	0	19	2	17	0.080728	0.004749	Uncorrelated	0	NA	NA	NA	34.940340	5.801612	6.022522	0.000014	-0.017987	0.002886	-6.231741	0.000009	NA	NA	NA	NA	33.658704	-0.016745	0.000008	1.000000	-0.999996	1.000000
"All"	"Men"	"Never"	"1"	""smoking_status""	1	19	4	15	0.008912	0.000594	Uncorrelated	0	NA	NA	NA	-50.629815	9.468845	-5.346989	0.000103	0.024916	0.004725	5.273342	0.000118	NA	NA	NA	NA	89.659033	0.000000	23.050669	1.000000	0.000000	1.000000
"All"	"Men"	"Never"	"1"	""smoking_status""	1	19	4	15	0.008912	0.000594	Uncorrelated	1	2008	2005	2011	-9.400064	4.801111	-1.957893	0.070479	0.004384	0.002384	1.838879	0.087237	-0.020533	0.005292	-3.879759	0.001667	0.000022	0.000000	0.000006	1.000000	0.000000	1.000000
"All"	"Men"	"Never"	"2"	""smoking_status""	0	19	2	17	0.028040	0.001649	Uncorrelated	0	NA	NA	NA	-25.777183	3.419220	-7.538908	0.000001	0.012484	0.001701	7.338786	0.000001	NA	NA	NA	NA	11.691064	-0.005816	0.000003	1.000000	-0.999996	1.000000
"All"	"Men"	"Never"	"3"	""smoking_status""	0	19	2	17	0.034582	0.002034	Uncorrelated	0	NA	NA	NA	-23.534437	3.797182	-6.197869	0.000010	0.011339	0.001889	6.002364	0.000014	NA	NA	NA	NA	14.418590	-0.007173	0.000004	1.000000	-0.999996	1.000000
"All"	"Men"	"Never"	"4"	""smoking_status""	0	19	2	17	0.030369	0.001786	Uncorrelated	0	NA	NA	NA	-29.188858	3.558351	-8.202917	0.000000	0.014118	0.001770	7.974883	0.000000	NA	NA	NA	NA	12.661862	-0.006299	0.000003	1.000000	-0.999996	1.000000
"All"	"Men"	"Never"	"5"	""smoking_status""	0	19	2	17	0.050724	0.002984	Uncorrelated	0	NA	NA	NA	-21.064393	4.598766	-4.580445	0.000266	0.010025	0.002288	4.381665	0.000407	NA	NA	NA	NA	21.148645	-0.010522	0.000005	1.000000	-0.999996	1.000000
"All"	"Women"	"Never"	"1"	""smoking_status""	0	19	2	17	0.007325	0.000431	Uncorrelated	0	NA	NA	NA	-17.299474	1.747561	-9.899211	0.000000	0.008388	0.000869	9.648135	0.000000	NA	NA	NA	NA	3.053969	-0.001519	0.000001	1.000000	-0.999996	1.000000
"All"	"Women"	"Never"	"2"	""smoking_status""	0	19	2	17	0.014794	0.000870	Uncorrelated	0	NA	NA	NA	-16.862162	2.483578	-6.789464	0.000003	0.008139	0.001236	6.587186	0.000005	NA	NA	NA	NA	6.168158	-0.003069	0.000002	1.000000	-0.999996	1.000000
"All"	"Women"	"Never"	"3"	""smoking_status""	0	19	2	17	0.022595	0.001329	Uncorrelated	0	NA	NA	NA	-15.999418	3.069304	-5.212718	0.000070	0.007685	0.001527	5.033001	0.000102	NA	NA	NA	NA	9.420628	-0.004687	0.000002	1.000000	-0.999996	1.000000
"All"	"Women"	"Never"	"4"	""smoking_status""	0	19	2	17	0.023569	0.001386	Uncorrelated	0	NA	NA	NA	-19.257303	3.134806	-6.143061	0.000011	0.009279	0.001560	5.949871	0.000016	NA	NA	NA	NA	9.827007	-0.004889	0.000002	1.000000	-0.999996	1.000000
"All"	"Women"	"Never"	"5"	""smoking_status""	0	19	2	17	0.039937	0.002349	Uncorrelated	0	NA	NA	NA	-19.128951	4.080600	-4.687779	0.000212	0.009175	0.002030	4.519153	0.000303	NA	NA	NA	NA	16.651298	-0.008284	0.000004	1.000000	-0.999996	1.000000
"All"	"Men"	"Previously"	"1"	""smoking_status""	1	19	4	15	0.028242	0.001883	Uncorrelated	0	NA	NA	NA	43.981617	16.499695	2.665602	0.018458	-0.022493	0.008233	-2.731963	0.016209	NA	NA	NA	NA	272.239932	0.000000	69.990857	1.000000	0.000000	1.000000
"All"	"Men"	"Previously"	"1"	""smoking_status""	1	19	4	15	0.028242	0.001883	Uncorrelated	1	2008	2004	2011	-8.627732	8.366054	-1.031279	0.319898	0.003707	0.004154	0.892307	0.387309	0.026200	0.009222	2.841045	0.013079	0.000068	0.000000	0.000017	1.000000	0.000000	1.000000
"All"	"Men"	"Previously"	"2"	""smoking_status""	0	19	2	17	0.045050	0.002650	Uncorrelated	0	NA	NA	NA	14.390818	4.333964	3.320475	0.004047	-0.007730	0.002156	-3.585253	0.002281	NA	NA	NA	NA	18.783243	-0.009345	0.000005	1.000000	-0.999996	1.000000
"All"	"Men"	"Previously"	"3"	""smoking_status""	1	19	4	15	0.025104	0.001674	Uncorrelated	0	NA	NA	NA	0.769525	4.572975	0.168277	0.868772	-0.000966	0.002277	-0.424316	0.677783	NA	NA	NA	NA	20.912104	0.000000	14362.108746	1.000000	0.000000	1.000000
"All"	"Men"	"Previously"	"3"	""smoking_status""	1	19	4	15	0.025104	0.001674	Uncorrelated	1	2017	2013	2017	118.380362	119.842016	0.987803	0.340014	-0.059276	0.059372	-0.998384	0.335038	-0.058310	0.059415	-0.981391	0.343056	0.000005	0.000000	0.003525	1.000000	0.000000	1.000000
"All"	"Men"	"Previously"	"4"	""smoking_status""	0	19	2	17	0.076947	0.004526	Uncorrelated	0	NA	NA	NA	7.221252	5.664107	1.274914	0.219489	-0.004224	0.002818	-1.498942	0.152229	NA	NA	NA	NA	32.082105	-0.015961	0.000008	1.000000	-0.999996	1.000000
"All"	"Men"	"Previously"	"5"	""smoking_status""	1	19	4	15	0.051460	0.003431	Uncorrelated	0	NA	NA	NA	147.512064	50.332583	2.930747	0.010955	-0.074330	0.025135	-2.957231	0.010396	NA	NA	NA	NA	2533.368863	0.000000	56.236122	1.000000	0.000000	1.000000
"All"	"Men"	"Previously"	"5"	""smoking_status""	1	19	4	15	0.051460	0.003431	Uncorrelated	1	2005	2003	2006	-26.529814	7.499075	-3.537745	0.003280	0.012474	0.003726	3.347697	0.004786	0.086804	0.025410	3.416190	0.004176	0.000632	0.000000	0.000014	1.000000	0.000000	1.000000
"All"	"Women"	"Previously"	"1"	""smoking_status""	0	19	2	17	0.065364	0.003845	Uncorrelated	0	NA	NA	NA	-1.425425	5.220406	-0.273049	0.788105	0.000001	0.002597	0.000473	0.999628	NA	NA	NA	NA	27.252637	-0.013558	0.000007	1.000000	-0.999996	1.000000
"All"	"Women"	"Previously"	"2"	""smoking_status""	0	19	2	17	0.082048	0.004826	Uncorrelated	0	NA	NA	NA	-3.185116	5.848835	-0.544573	0.593120	0.000889	0.002910	0.305459	0.763725	NA	NA	NA	NA	34.208867	-0.017019	0.000008	1.000000	-0.999996	1.000000
"All"	"Women"	"Previously"	"3"	""smoking_status""	0	19	2	17	0.089879	0.005287	Uncorrelated	0	NA	NA	NA	-16.017376	6.121616	-2.616527	0.018052	0.007262	0.003046	2.384592	0.029016	NA	NA	NA	NA	37.474180	-0.018644	0.000009	1.000000	-0.999996	1.000000
"All"	"Women"	"Previously"	"4"	""smoking_status""	0	19	2	17	0.163094	0.009594	Uncorrelated	0	NA	NA	NA	-12.525658	8.246221	-1.518957	0.147152	0.005476	0.004103	1.334802	0.199543	NA	NA	NA	NA	68.000162	-0.033831	0.000017	1.000000	-0.999996	1.000000
"All"	"Women"	"Previously"	"5"	""smoking_status""	0	19	2	17	0.120279	0.007075	Uncorrelated	0	NA	NA	NA	-8.627188	7.081590	-1.218256	0.239765	0.003483	0.003523	0.988502	0.336768	NA	NA	NA	NA	50.148916	-0.024950	0.000012	1.000000	-0.999996	1.000000
