"sex"	"age_group"	"cancer_site"	"Model"	"#Obs"	"#Param"	"DF"	"SSE"	"MSE"	"Auto Corr"	"Segment"	"Joinpoint"	"Joinpoint 95% LCL"	"Joinpoint 95% UCL"	"Intercept Estimate"	"Intercept Std Error"	"Intercept Test Statistic"	"Intercept P-Value"	"Slope Estimate"	"Slope Std Error"	"Slope Test Statistic"	"Slope P-Value"	"SlopeChg Estimate"	"SlopeChg Std Error"	"SlopeChg Test Statistic"	"SlopeChg P-Value"	"Covar-Int vs Int"	"Covar-Int vs Slope"	"Covar-Slope vs Slope"	"Corr-Int vs Int"	"Corr-Int vs Slope"	"Corr-Slope vs Slope"
Men	20-34	Bladder	0	19	2	17	2.791104	0.164183	Uncorrelated	0	NA	NA	NA	98.570932	34.113302	2.889516	0.010186	-0.049882	0.016972	-2.939107	0.009169	NA	NA	NA	NA	1163.717364	-0.578960	0.000288	1.000000	-0.999996	1.000000
Men	20-34	Brain and CNS	0	19	2	17	0.046632	0.002743	Uncorrelated	0	NA	NA	NA	-16.694330	4.409364	-3.786109	0.001475	0.008910	0.002194	4.061714	0.000811	NA	NA	NA	NA	19.442487	-0.009673	0.000005	1.000000	-0.999996	1.000000
Men	20-34	Colorectum	1	19	4	15	0.152191	0.010146	Uncorrelated	0	NA	NA	NA	-174.259547	15.440134	-11.286142	0.000000	0.087249	0.007693	11.341156	0.000000	NA	NA	NA	NA	238.397736	0.000000	4382.170484	1.000000	0.000000	1.000000
Men	20-34	Colorectum	1	19	4	15	0.152191	0.010146	Uncorrelated	1	2014	2012	2016	175.661277	66.197964	2.653575	0.018897	-0.086495	0.032820	-2.635443	0.019578	-0.173744	0.033710	-5.154147	0.000146	0.000059	0.000000	0.001077	1.000000	0.000000	1.000000
Men	20-34	Hodgkin Lymphoma	0	19	2	17	0.094303	0.005547	Uncorrelated	0	NA	NA	NA	-21.730522	6.270456	-3.465541	0.002957	0.011535	0.003120	3.697463	0.001788	NA	NA	NA	NA	39.318624	-0.019561	0.000010	1.000000	-0.999996	1.000000
Men	20-34	Kidney	0	19	2	17	0.379329	0.022313	Uncorrelated	0	NA	NA	NA	-87.160201	12.576035	-6.930658	0.000002	0.043233	0.006257	6.909870	0.000003	NA	NA	NA	NA	158.156654	-0.078684	0.000039	1.000000	-0.999996	1.000000
Men	20-34	Leukaemia	0	19	2	17	0.226331	0.013314	Uncorrelated	0	NA	NA	NA	-27.659667	9.714208	-2.847341	0.011137	0.014241	0.004833	2.946661	0.009023	NA	NA	NA	NA	94.365838	-0.046948	0.000023	1.000000	-0.999996	1.000000
Men	20-34	Liver	0	19	2	17	1.235141	0.072655	Uncorrelated	0	NA	NA	NA	-8.787062	22.693111	-0.387213	0.703403	0.003807	0.011290	0.337194	0.740098	NA	NA	NA	NA	514.977298	-0.256206	0.000127	1.000000	-0.999996	1.000000
Men	20-34	Lung	0	19	2	17	0.533484	0.031381	Uncorrelated	0	NA	NA	NA	-27.714973	14.914081	-1.858309	0.080529	0.013539	0.007420	1.824682	0.085674	NA	NA	NA	NA	222.429821	-0.110661	0.000055	1.000000	-0.999996	1.000000
Men	20-34	Melanoma	0	19	2	17	0.069018	0.004060	Uncorrelated	0	NA	NA	NA	-3.100211	5.364364	-0.577927	0.570890	0.002339	0.002669	0.876414	0.393021	NA	NA	NA	NA	28.776404	-0.014317	0.000007	1.000000	-0.999996	1.000000
Men	20-34	MultipleMyeloma	0	19	2	17	3.097225	0.182190	Uncorrelated	0	NA	NA	NA	-133.394518	35.935371	-3.712067	0.001732	0.065568	0.017878	3.667450	0.001908	NA	NA	NA	NA	1291.350922	-0.642458	0.000320	1.000000	-0.999996	1.000000
Men	20-34	Non-Hodgkin Lymphoma	0	19	2	17	0.063491	0.003735	Uncorrelated	0	NA	NA	NA	-0.996402	5.145057	-0.193662	0.848736	0.001113	0.002560	0.434768	0.669199	NA	NA	NA	NA	26.471608	-0.013170	0.000007	1.000000	-0.999996	1.000000
Men	20-34	Oesophagus	0	19	2	17	3.381759	0.198927	Uncorrelated	0	NA	NA	NA	-66.277793	37.549756	-1.765066	0.095508	0.032122	0.018681	1.719461	0.103683	NA	NA	NA	NA	1409.984184	-0.701479	0.000349	1.000000	-0.999996	1.000000
Men	20-34	Oral	1	19	4	15	0.272812	0.018187	Uncorrelated	0	NA	NA	NA	-57.125609	25.776444	-2.216194	0.043751	0.028500	0.012850	2.217923	0.043609	NA	NA	NA	NA	664.425087	0.000000	2636.326662	1.000000	0.000000	1.000000
Men	20-34	Oral	1	19	4	15	0.272812	0.018187	Uncorrelated	1	2012	2007	2015	99.100865	51.345172	1.930091	0.074109	-0.049148	0.025469	-1.929724	0.074158	-0.077647	0.028527	-2.721915	0.016531	0.000165	0.000000	0.000649	1.000000	0.000000	1.000000
Men	20-34	Pancreas	0	19	2	17	2.831244	0.166544	Uncorrelated	0	NA	NA	NA	-72.344467	34.357726	-2.105624	0.050408	0.035198	0.017093	2.059149	0.055138	NA	NA	NA	NA	1180.453350	-0.587286	0.000292	1.000000	-0.999996	1.000000
Men	20-34	Stomach	0	19	2	17	1.364377	0.080257	Uncorrelated	0	NA	NA	NA	16.265267	23.850798	0.681959	0.504451	-0.008592	0.011866	-0.724098	0.478853	NA	NA	NA	NA	568.860587	-0.283013	0.000141	1.000000	-0.999996	1.000000
Men	20-34	Testis	1	19	4	15	0.023554	0.001570	Uncorrelated	0	NA	NA	NA	-38.176288	12.667521	-3.013714	0.009295	0.020370	0.006320	3.223284	0.006130	NA	NA	NA	NA	160.466080	0.000000	82.509000	1.000000	0.000000	1.000000
Men	20-34	Testis	1	19	4	15	0.023554	0.001570	Uncorrelated	1	2009	2004	2015	7.958504	9.083446	0.876155	0.395731	-0.002594	0.004509	-0.575377	0.574168	-0.022964	0.007763	-2.958051	0.010379	0.000040	0.000000	0.000020	1.000000	0.000000	1.000000
Men	20-34	Thyroid	0	19	2	17	0.209036	0.012296	Uncorrelated	0	NA	NA	NA	-90.627658	9.335694	-9.707651	0.000000	0.045240	0.004645	9.740352	0.000000	NA	NA	NA	NA	87.155181	-0.043360	0.000022	1.000000	-0.999996	1.000000
Men	35-49	Bladder	0	19	2	17	0.151564	0.008916	Uncorrelated	0	NA	NA	NA	29.398819	7.949390	3.698248	0.001785	-0.014193	0.003955	-3.588730	0.002264	NA	NA	NA	NA	63.192800	-0.031439	0.000016	1.000000	-0.999996	1.000000
Men	35-49	Brain and CNS	0	19	2	17	0.030791	0.001811	Uncorrelated	0	NA	NA	NA	-14.298988	3.583031	-3.990752	0.000946	0.008026	0.001783	4.502560	0.000314	NA	NA	NA	NA	12.838114	-0.006387	0.000003	1.000000	-0.999996	1.000000
Men	35-49	Colorectum	1	19	4	15	0.015069	0.001005	Uncorrelated	0	NA	NA	NA	-40.618700	4.329234	-9.382422	0.000000	0.021543	0.002157	9.989544	0.000000	NA	NA	NA	NA	18.742265	0.000000	861.286871	1.000000	0.000000	1.000000
Men	35-49	Colorectum	1	19	4	15	0.015069	0.001005	Uncorrelated	1	2015	2007	2017	-98.818604	29.347689	-3.367168	0.004604	0.050426	0.014547	3.466526	0.003778	0.028883	0.014706	1.964111	0.069689	0.000005	0.000000	0.000212	1.000000	0.000000	1.000000
Men	35-49	Gallbladder	0	19	2	17	0.616903	0.036288	Uncorrelated	0	NA	NA	NA	-52.403172	16.037773	-3.267484	0.004538	0.025697	0.007979	3.220585	0.005020	NA	NA	NA	NA	257.210152	-0.127964	0.000064	1.000000	-0.999996	1.000000
Men	35-49	Hodgkin Lymphoma	0	19	2	17	0.059400	0.003494	Uncorrelated	0	NA	NA	NA	-17.361741	4.976567	-3.488698	0.002812	0.009259	0.002476	3.739572	0.001631	NA	NA	NA	NA	24.766219	-0.012321	0.000006	1.000000	-0.999996	1.000000
Men	35-49	Kidney	2	19	6	13	0.024498	0.001884	Uncorrelated	0	NA	NA	NA	-7.595856	39.521388	-0.192196	0.851091	0.004613	0.019736	0.233747	0.819475	NA	NA	NA	NA	1561.940145	0.000000	0.000032	1.000000	0.000000	1.000000
Men	35-49	Kidney	2	19	6	13	0.024498	0.001884	Uncorrelated	1	2005	2003	2009	-134.571559	11.451580	-11.751353	0.000000	0.067943	0.005697	11.925435	0.000000	0.063330	0.020542	3.082944	0.010416	0.000390	0.000000	1585.427630	1.000000	0.000000	1.000000
Men	35-49	Kidney	2	19	6	13	0.024498	0.001884	Uncorrelated	2	2015	2012	2017	0.548914	39.817429	0.013786	0.989248	0.000885	0.019736	0.044865	0.965019	-0.067057	0.020542	-3.264416	0.007540	131.138674	0.000000	0.000390	1.000000	0.000000	1.000000
Men	35-49	Larynx	0	19	2	17	0.191136	0.011243	Uncorrelated	0	NA	NA	NA	20.912647	8.927024	2.342622	0.031574	-0.010204	0.004441	-2.297530	0.034557	NA	NA	NA	NA	79.691765	-0.039647	0.000020	1.000000	-0.999996	1.000000
Men	35-49	Leukaemia	0	19	2	17	0.079479	0.004675	Uncorrelated	0	NA	NA	NA	-29.214763	5.756563	-5.075035	0.000094	0.015395	0.002864	5.375299	0.000050	NA	NA	NA	NA	33.138023	-0.016486	0.000008	1.000000	-0.999996	1.000000
Men	35-49	Liver	1	19	4	15	0.221491	0.014766	Uncorrelated	0	NA	NA	NA	-87.291587	18.181506	-4.801120	0.000282	0.043805	0.009059	4.835459	0.000264	NA	NA	NA	NA	330.567172	0.000000	6076.407149	1.000000	0.000000	1.000000
Men	35-49	Liver	1	19	4	15	0.221491	0.014766	Uncorrelated	1	2014	2007	2017	82.687857	77.951313	1.060763	0.306755	-0.040594	0.038647	-1.050384	0.311336	-0.084399	0.039695	-2.126202	0.051758	0.000082	0.000000	0.001494	1.000000	0.000000	1.000000
Men	35-49	Lung	1	19	4	15	0.035600	0.002373	Uncorrelated	0	NA	NA	NA	148.719789	138.195247	1.076157	0.300053	-0.073184	0.069046	-1.059935	0.307119	NA	NA	NA	NA	19097.926226	0.000000	28.366675	1.000000	0.000000	1.000000
Men	35-49	Lung	1	19	4	15	0.035600	0.002373	Uncorrelated	1	2003	2003	2010	8.752420	5.326037	1.643327	0.122577	-0.003305	0.002648	-1.248303	0.232394	0.069879	0.069097	1.011322	0.329023	0.004767	0.000000	0.000007	1.000000	0.000000	1.000000
Men	35-49	Melanoma	1	19	4	15	0.042670	0.002845	Uncorrelated	0	NA	NA	NA	-65.207799	8.119915	-8.030601	0.000001	0.033775	0.004046	8.348295	0.000001	NA	NA	NA	NA	65.933016	0.000000	1211.965026	1.000000	0.000000	1.000000
Men	35-49	Melanoma	1	19	4	15	0.042670	0.002845	Uncorrelated	1	2014	2011	2016	71.535179	34.813288	2.054824	0.059054	-0.034121	0.017260	-1.976878	0.068094	-0.067896	0.017728	-3.829937	0.001839	0.000016	0.000000	0.000298	1.000000	0.000000	1.000000
Men	35-49	MultipleMyeloma	0	19	2	17	0.266232	0.015661	Uncorrelated	0	NA	NA	NA	-84.090845	10.535762	-7.981468	0.000000	0.042262	0.005242	8.062709	0.000000	NA	NA	NA	NA	111.002271	-0.055225	0.000027	1.000000	-0.999996	1.000000
Men	35-49	Non-Hodgkin Lymphoma	1	19	4	15	0.029288	0.001953	Uncorrelated	0	NA	NA	NA	-53.603215	11.633942	-4.607485	0.000407	0.027878	0.005802	4.804495	0.000280	NA	NA	NA	NA	135.348604	0.000000	136.702080	1.000000	0.000000	1.000000
Men	35-49	Non-Hodgkin Lymphoma	1	19	4	15	0.029288	0.001953	Uncorrelated	1	2010	2007	2013	44.201410	11.691966	3.780494	0.002027	-0.020781	0.005802	-3.581434	0.003007	-0.048659	0.008206	-5.929747	0.000037	0.000034	0.000000	0.000034	1.000000	0.000000	1.000000
Men	35-49	Oesophagus	0	19	2	17	0.112408	0.006612	Uncorrelated	0	NA	NA	NA	9.460499	6.845971	1.381908	0.184891	-0.004096	0.003406	-1.202496	0.245653	NA	NA	NA	NA	46.867316	-0.023317	0.000012	1.000000	-0.999996	1.000000
Men	35-49	Oral	1	19	4	15	0.009675	0.000645	Uncorrelated	0	NA	NA	NA	-63.075152	4.326201	-14.579800	0.000000	0.032503	0.002156	15.075034	0.000000	NA	NA	NA	NA	18.716019	0.000000	154.464474	1.000000	0.000000	1.000000
Men	35-49	Oral	1	19	4	15	0.009675	0.000645	Uncorrelated	1	2013	2012	2015	25.682030	12.428374	2.066403	0.057809	-0.011589	0.006163	-1.880290	0.081037	-0.044092	0.006530	-6.752651	0.000009	0.000005	0.000000	0.000038	1.000000	0.000000	1.000000
Men	35-49	Pancreas	0	19	2	17	0.164256	0.009662	Uncorrelated	0	NA	NA	NA	-39.483996	8.275531	-4.771174	0.000177	0.020156	0.004117	4.895510	0.000136	NA	NA	NA	NA	68.484421	-0.034072	0.000017	1.000000	-0.999996	1.000000
Men	35-49	Prostate	1	19	4	15	0.065022	0.004335	Uncorrelated	0	NA	NA	NA	-185.652753	14.877507	-12.478754	0.000000	0.093297	0.007418	12.576555	0.000000	NA	NA	NA	NA	221.340218	0.000000	439.121735	1.000000	0.000000	1.000000
Men	35-49	Prostate	1	19	4	15	0.065022	0.004335	Uncorrelated	1	2011	2008	2015	-81.521216	20.955232	-3.890256	0.001633	0.041516	0.010397	3.993087	0.001334	-0.051781	0.012772	-4.054181	0.001184	0.000055	0.000000	0.000108	1.000000	0.000000	1.000000
Men	35-49	Stomach	0	19	2	17	0.128802	0.007577	Uncorrelated	0	NA	NA	NA	25.353777	7.328195	3.459758	0.002994	-0.012060	0.003646	-3.307772	0.004160	NA	NA	NA	NA	53.702440	-0.026717	0.000013	1.000000	-0.999996	1.000000
Men	35-49	Testis	0	19	2	17	0.043597	0.002565	Uncorrelated	0	NA	NA	NA	-11.018377	4.263465	-2.584371	0.019293	0.006749	0.002121	3.182025	0.005454	NA	NA	NA	NA	18.177134	-0.009043	0.000004	1.000000	-0.999996	1.000000
Men	35-49	Thyroid	1	19	4	15	0.041915	0.002794	Uncorrelated	0	NA	NA	NA	-168.048575	10.215786	-16.449892	0.000000	0.084114	0.005093	16.516939	0.000000	NA	NA	NA	NA	104.362288	0.000000	414.091954	1.000000	0.000000	1.000000
Men	35-49	Thyroid	1	19	4	15	0.041915	0.002794	Uncorrelated	1	2012	2010	2015	-75.344533	20.349249	-3.702571	0.002365	0.038039	0.010094	3.768500	0.002076	-0.046076	0.011306	-4.075396	0.001135	0.000026	0.000000	0.000102	1.000000	0.000000	1.000000
Men	50-64	Bladder	2	19	6	13	0.020117	0.001547	Uncorrelated	0	NA	NA	NA	139.298496	54.944823	2.535243	0.027714	-0.067921	0.027445	-2.474816	0.030856	NA	NA	NA	NA	3018.933609	0.000000	0.003013	1.000000	0.000000	1.000000
Men	50-64	Bladder	2	19	6	13	0.020117	0.001547	Uncorrelated	1	2004	2003	2014	-35.283648	110.081756	-0.320522	0.754579	0.019196	0.054890	0.349711	0.733159	0.087117	0.061369	1.419562	0.183448	0.000753	0.000000	42.709437	1.000000	0.000000	1.000000
Men	50-64	Bladder	2	19	6	13	0.020117	0.001547	Uncorrelated	2	2007	2006	2017	86.270045	6.535246	13.200735	0.000000	-0.041369	0.003246	-12.745835	0.000000	-0.060565	0.054986	-1.101464	0.294213	12117.992929	0.000000	0.000011	1.000000	0.000000	1.000000
Men	50-64	Brain and CNS	1	19	4	15	0.030613	0.002041	Uncorrelated	0	NA	NA	NA	-15.937411	12.763901	-1.248632	0.232277	0.009303	0.006368	1.460926	0.166114	NA	NA	NA	NA	162.917157	0.000000	83.769303	1.000000	0.000000	1.000000
Men	50-64	Brain and CNS	1	19	4	15	0.030613	0.002041	Uncorrelated	1	2009	2005	2014	28.047915	9.152557	3.064489	0.008405	-0.012592	0.004543	-2.771427	0.015000	-0.021894	0.007822	-2.798937	0.014210	0.000041	0.000000	0.000021	1.000000	0.000000	1.000000
Men	50-64	Colorectum	2	19	6	13	0.006304	0.000485	Uncorrelated	0	NA	NA	NA	-28.428983	4.603074	-6.176086	0.000069	0.016427	0.002295	7.156940	0.000019	NA	NA	NA	NA	21.188294	0.000000	0.000217	1.000000	0.000000	1.000000
Men	50-64	Colorectum	2	19	6	13	0.006304	0.000485	Uncorrelated	1	2011	2009	2013	59.370309	29.674312	2.000731	0.070715	-0.027233	0.014741	-1.847373	0.091742	-0.043660	0.014919	-2.926447	0.013778	0.000005	0.000000	353.802520	1.000000	0.000000	1.000000
Men	50-64	Colorectum	2	19	6	13	0.006304	0.000485	Uncorrelated	2	2015	2013	2017	-31.272399	18.809639	-1.662573	0.124598	0.017751	0.009323	1.903976	0.083387	0.044984	0.017442	2.579033	0.025634	880.564821	0.000000	0.000087	1.000000	0.000000	1.000000
Men	50-64	Gallbladder	2	19	6	13	0.098863	0.007605	Uncorrelated	0	NA	NA	NA	-94.141255	21.609909	-4.356393	0.001143	0.047449	0.010783	4.400162	0.001063	NA	NA	NA	NA	466.988164	0.000000	0.000078	1.000000	0.000000	1.000000
Men	50-64	Gallbladder	2	19	6	13	0.098863	0.007605	Uncorrelated	1	2008	2003	2014	38.211854	17.719259	2.156515	0.054031	-0.018464	0.008805	-2.097118	0.059898	-0.065913	0.013921	-4.734685	0.000615	0.000116	0.000000	26531.119018	1.000000	0.000000	1.000000
Men	50-64	Gallbladder	2	19	6	13	0.098863	0.007605	Uncorrelated	2	2017	2006	2017	-269.594278	162.883759	-1.655133	0.126118	0.134142	0.080695	1.662320	0.124650	0.152606	0.081174	1.879977	0.086840	313.972122	0.000000	0.006512	1.000000	0.000000	1.000000
Men	50-64	Hodgkin Lymphoma	0	19	2	17	0.107679	0.006334	Uncorrelated	0	NA	NA	NA	-35.474710	6.700408	-5.294411	0.000059	0.018283	0.003334	5.484457	0.000040	NA	NA	NA	NA	44.895463	-0.022336	0.000011	1.000000	-0.999996	1.000000
Men	50-64	Kidney	1	19	4	15	0.007047	0.000470	Uncorrelated	0	NA	NA	NA	-76.344291	3.325791	-22.955226	0.000000	0.039660	0.001657	23.933282	0.000000	NA	NA	NA	NA	11.060888	0.000000	203.318614	1.000000	0.000000	1.000000
Men	50-64	Kidney	1	19	4	15	0.007047	0.000470	Uncorrelated	1	2014	2012	2016	-26.995861	14.258984	-1.893253	0.079180	0.015157	0.007069	2.144026	0.050071	-0.024503	0.007261	-3.374554	0.004537	0.000003	0.000000	0.000050	1.000000	0.000000	1.000000
Men	50-64	Larynx	1	19	4	15	0.027162	0.001811	Uncorrelated	0	NA	NA	NA	18.819046	13.554918	1.388356	0.186725	-0.008122	0.006762	-1.201058	0.249655	NA	NA	NA	NA	183.735794	0.000000	94.473901	1.000000	0.000000	1.000000
Men	50-64	Larynx	1	19	4	15	0.027162	0.001811	Uncorrelated	1	2009	2005	2013	75.597428	9.719769	7.777698	0.000002	-0.036384	0.004825	-7.540853	0.000003	-0.028262	0.008307	-3.402161	0.004294	0.000046	0.000000	0.000023	1.000000	0.000000	1.000000
Men	50-64	Leukaemia	1	19	4	15	0.021065	0.001404	Uncorrelated	0	NA	NA	NA	-38.969800	5.107501	-7.629915	0.000002	0.020904	0.002544	8.216222	0.000001	NA	NA	NA	NA	26.086567	0.000000	1198.788829	1.000000	0.000000	1.000000
Men	50-64	Leukaemia	1	19	4	15	0.021065	0.001404	Uncorrelated	1	2015	2013	2017	100.203327	34.623530	2.894082	0.011779	-0.048165	0.017162	-2.806545	0.013999	-0.069069	0.017349	-3.981088	0.001366	0.000006	0.000000	0.000295	1.000000	0.000000	1.000000
Men	50-64	Liver	1	19	4	15	0.039837	0.002656	Uncorrelated	0	NA	NA	NA	-127.507369	7.860681	-16.220906	0.000000	0.064711	0.003917	16.522204	0.000000	NA	NA	NA	NA	61.790306	0.000000	1135.814720	1.000000	0.000000	1.000000
Men	50-64	Liver	1	19	4	15	0.039837	0.002656	Uncorrelated	1	2014	2012	2016	19.212945	33.701850	0.570086	0.577654	-0.008139	0.016709	-0.487101	0.633725	-0.072850	0.017162	-4.244906	0.000816	0.000015	0.000000	0.000279	1.000000	0.000000	1.000000
Men	50-64	Lung	1	19	4	15	0.003403	0.000227	Uncorrelated	0	NA	NA	NA	27.886931	3.404926	8.190172	0.000001	-0.011643	0.001698	-6.857712	0.000008	NA	NA	NA	NA	11.593521	0.000000	23.000642	1.000000	0.000000	1.000000
Men	50-64	Lung	1	19	4	15	0.003403	0.000227	Uncorrelated	1	2011	2009	2013	61.333179	4.795898	12.788673	0.000000	-0.028275	0.002380	-11.882556	0.000000	-0.016632	0.002923	-5.689718	0.000056	0.000003	0.000000	0.000006	1.000000	0.000000	1.000000
Men	50-64	Melanoma	1	19	4	15	0.014584	0.000972	Uncorrelated	0	NA	NA	NA	-104.547785	7.894076	-13.243829	0.000000	0.053755	0.003937	13.653245	0.000000	NA	NA	NA	NA	62.316431	0.000000	62.939590	1.000000	0.000000	1.000000
Men	50-64	Melanoma	1	19	4	15	0.014584	0.000972	Uncorrelated	1	2010	2006	2011	-22.105763	7.933448	-2.786401	0.014565	0.012740	0.003937	3.235684	0.005981	-0.041016	0.005568	-7.366328	0.000004	0.000016	0.000000	0.000016	1.000000	0.000000	1.000000
Men	50-64	MultipleMyeloma	0	19	2	17	0.062162	0.003657	Uncorrelated	0	NA	NA	NA	-49.946695	5.090951	-9.810877	0.000000	0.026125	0.002533	10.314858	0.000000	NA	NA	NA	NA	25.917785	-0.012894	0.000006	1.000000	-0.999996	1.000000
Men	50-64	Non-Hodgkin Lymphoma	1	19	4	15	0.011691	0.000779	Uncorrelated	0	NA	NA	NA	-34.293785	6.183270	-5.546221	0.000072	0.018798	0.003083	6.097114	0.000028	NA	NA	NA	NA	38.232832	0.000000	75.850957	1.000000	0.000000	1.000000
Men	50-64	Non-Hodgkin Lymphoma	1	19	4	15	0.011691	0.000779	Uncorrelated	1	2011	2009	2012	43.760599	8.709245	5.024614	0.000186	-0.020015	0.004321	-4.631977	0.000388	-0.038814	0.005308	-7.311897	0.000004	0.000010	0.000000	0.000019	1.000000	0.000000	1.000000
Men	50-64	Oesophagus	2	19	6	13	0.003661	0.000282	Uncorrelated	0	NA	NA	NA	24.274515	50.341667	0.482195	0.639119	-0.010514	0.025152	-0.418001	0.683990	NA	NA	NA	NA	2534.283460	0.000000	0.000063	1.000000	0.000000	1.000000
Men	50-64	Oesophagus	2	19	6	13	0.003661	0.000282	Uncorrelated	1	2003	2003	2009	-66.149221	15.951250	-4.146962	0.001625	0.034631	0.007954	4.353997	0.001148	0.045144	0.026380	1.711328	0.115035	0.000633	0.000000	11.663833	1.000000	0.000000	1.000000
Men	50-64	Oesophagus	2	19	6	13	0.003661	0.000282	Uncorrelated	2	2008	2007	2016	31.835123	3.415235	9.321502	0.000001	-0.014166	0.001696	-8.354071	0.000004	-0.048797	0.008133	-6.000237	0.000089	254.442375	0.000000	0.000003	1.000000	0.000000	1.000000
Men	50-64	Oral	1	19	4	15	0.012379	0.000825	Uncorrelated	0	NA	NA	NA	-78.980899	4.879315	-16.186883	0.000000	0.041097	0.002432	16.899981	0.000000	NA	NA	NA	NA	23.807714	0.000000	196.486558	1.000000	0.000000	1.000000
Men	50-64	Oral	1	19	4	15	0.012379	0.000825	Uncorrelated	1	2013	2009	2015	-18.036943	14.017366	-1.286757	0.219049	0.010821	0.006951	1.556731	0.141846	-0.030275	0.007364	-4.111017	0.001059	0.000006	0.000000	0.000048	1.000000	0.000000	1.000000
Men	50-64	Pancreas	1	19	4	15	0.012760	0.000851	Uncorrelated	0	NA	NA	NA	-55.419562	19.062271	-2.907291	0.011476	0.029087	0.009517	3.056356	0.008541	NA	NA	NA	NA	363.370190	0.000000	20.165307	1.000000	0.000000	1.000000
Men	50-64	Pancreas	1	19	4	15	0.012760	0.000851	Uncorrelated	1	2006	2004	2011	1.118891	4.490580	0.249164	0.806852	0.000902	0.002231	0.404445	0.691997	-0.028185	0.009775	-2.883397	0.012030	0.000091	0.000000	0.000005	1.000000	0.000000	1.000000
Men	50-64	Prostate	2	19	6	13	0.026596	0.002046	Uncorrelated	0	NA	NA	NA	-103.835140	14.720888	-7.053592	0.000021	0.054298	0.007344	7.393567	0.000014	NA	NA	NA	NA	216.704544	0.000000	0.000129	1.000000	0.000000	1.000000
Men	50-64	Prostate	2	19	6	13	0.026596	0.002046	Uncorrelated	1	2009	2003	2013	7.925245	22.896512	0.346133	0.735772	-0.001332	0.011377	-0.117088	0.908901	-0.055630	0.013542	-4.108098	0.001735	0.000054	0.000000	4612.294387	1.000000	0.000000	1.000000
Men	50-64	Prostate	2	19	6	13	0.026596	0.002046	Uncorrelated	2	2016	2006	2017	-120.725455	67.913875	-1.777626	0.103087	0.062483	0.033654	1.856618	0.090327	0.063815	0.035525	1.796330	0.099926	524.250269	0.000000	0.001133	1.000000	0.000000	1.000000
Men	50-64	Stomach	1	19	4	15	0.028234	0.001882	Uncorrelated	0	NA	NA	NA	75.359732	4.745034	15.881809	0.000000	-0.036124	0.002362	-15.290795	0.000000	NA	NA	NA	NA	22.515352	0.000000	15463.194863	1.000000	0.000000	1.000000
Men	50-64	Stomach	1	19	4	15	0.028234	0.001882	Uncorrelated	1	2017	2013	2017	-105.601450	124.351095	-0.849220	0.410046	0.053594	0.061606	0.869951	0.398998	0.089718	0.061651	1.455257	0.167653	0.000006	0.000000	0.003795	1.000000	0.000000	1.000000
Men	50-64	Testis	0	19	2	17	0.180373	0.010610	Uncorrelated	0	NA	NA	NA	-46.666220	8.672042	-5.381226	0.000050	0.023962	0.004314	5.553983	0.000035	NA	NA	NA	NA	75.204319	-0.037415	0.000019	1.000000	-0.999996	1.000000
Men	50-64	Thyroid	1	19	4	15	0.110572	0.007371	Uncorrelated	0	NA	NA	NA	-144.126516	11.943526	-12.067334	0.000000	0.072346	0.005951	12.157089	0.000000	NA	NA	NA	NA	142.647803	0.000000	2622.117993	1.000000	0.000000	1.000000
Men	50-64	Thyroid	1	19	4	15	0.110572	0.007371	Uncorrelated	1	2014	2008	2017	-42.073591	51.206621	-0.821644	0.425052	0.021674	0.025388	0.853733	0.407624	-0.050672	0.026076	-1.943260	0.072369	0.000035	0.000000	0.000645	1.000000	0.000000	1.000000
Men	65+	Bladder	3	19	8	11	0.003175	0.000289	Uncorrelated	0	NA	NA	NA	72.963845	47.416978	1.538770	0.162421	-0.033960	0.023691	-1.433469	0.189626	NA	NA	NA	NA	2248.369813	0.000000	64.947222	1.000000	0.000000	1.000000
Men	65+	Bladder	3	19	8	11	0.003175	0.000289	Uncorrelated	1	2003	2003	2011	-1.687332	10.626599	-0.158784	0.877774	0.003310	0.005297	0.624790	0.549509	0.037270	0.024276	1.535263	0.163268	0.000561	0.000000	0.000016	1.000000	0.000000	1.000000
Men	65+	Bladder	3	19	8	11	0.003175	0.000289	Uncorrelated	2	2009	2006	2014	59.000483	8.058984	7.321082	0.000082	-0.026898	0.004004	-6.717057	0.000150	-0.030208	0.006641	-4.548948	0.001877	112.924612	0.000000	571.398286	1.000000	0.000000	1.000000
Men	65+	Bladder	3	19	8	11	0.003175	0.000289	Uncorrelated	3	2016	2009	2017	6.808337	23.903939	0.284821	0.783016	-0.001009	0.011845	-0.085201	0.934195	0.025889	0.012504	2.070466	0.072177	0.000028	0.000000	0.000140	1.000000	0.000000	1.000000
Men	65+	Brain and CNS	1	19	4	15	0.013326	0.000888	Uncorrelated	0	NA	NA	NA	-16.481853	4.499589	-3.662969	0.002558	0.009856	0.002243	4.395063	0.000611	NA	NA	NA	NA	20.246299	0.000000	167.093972	1.000000	0.000000	1.000000
Men	65+	Brain and CNS	1	19	4	15	0.013326	0.000888	Uncorrelated	1	2013	2003	2017	15.736064	12.926483	1.217351	0.243593	-0.006149	0.006410	-0.959227	0.353718	-0.016005	0.006791	-2.356688	0.033533	0.000005	0.000000	0.000041	1.000000	0.000000	1.000000
Men	65+	Colorectum	2	19	6	13	0.002491	0.000192	Uncorrelated	0	NA	NA	NA	-18.280862	3.295678	-5.546920	0.000174	0.012037	0.001644	7.322723	0.000015	NA	NA	NA	NA	10.861495	0.000000	0.000081	1.000000	0.000000	1.000000
Men	65+	Colorectum	2	19	6	13	0.002491	0.000192	Uncorrelated	1	2010	2008	2012	72.049114	18.114181	3.977498	0.002168	-0.032904	0.009003	-3.654721	0.003789	-0.044940	0.009152	-4.910491	0.000464	0.000003	0.000000	65.951305	1.000000	0.000000	1.000000
Men	65+	Colorectum	2	19	6	13	0.002491	0.000192	Uncorrelated	2	2014	2012	2017	17.899062	8.121041	2.204035	0.049734	-0.006017	0.004026	-1.494401	0.163193	0.026887	0.009862	2.726202	0.019712	328.123560	0.000000	0.000016	1.000000	0.000000	1.000000
Men	65+	Gallbladder	0	19	2	17	0.080207	0.004718	Uncorrelated	0	NA	NA	NA	-57.642222	5.782843	-9.967800	0.000000	0.029906	0.002877	10.394843	0.000000	NA	NA	NA	NA	33.441271	-0.016637	0.000008	1.000000	-0.999996	1.000000
Men	65+	Hodgkin Lymphoma	1	19	4	15	0.075412	0.005027	Uncorrelated	0	NA	NA	NA	-71.853330	10.146022	-7.081921	0.000005	0.036540	0.005055	7.228020	0.000004	NA	NA	NA	NA	102.941769	0.000000	1892.251119	1.000000	0.000000	1.000000
Men	65+	Hodgkin Lymphoma	1	19	4	15	0.075412	0.005027	Uncorrelated	1	2014	2003	2017	24.826285	43.500013	0.570719	0.577236	-0.011464	0.021567	-0.531556	0.603366	-0.048004	0.022151	-2.167091	0.047964	0.000026	0.000000	0.000465	1.000000	0.000000	1.000000
Men	65+	Kidney	1	19	4	15	0.023533	0.001569	Uncorrelated	0	NA	NA	NA	-68.898518	5.817457	-11.843408	0.000000	0.036396	0.002899	12.556532	0.000000	NA	NA	NA	NA	33.842807	0.000000	622.090434	1.000000	0.000000	1.000000
Men	65+	Kidney	1	19	4	15	0.023533	0.001569	Uncorrelated	1	2014	2012	2016	10.223564	24.941741	0.409898	0.688084	-0.002890	0.012366	-0.233705	0.818596	-0.039286	0.012701	-3.093161	0.007940	0.000008	0.000000	0.000153	1.000000	0.000000	1.000000
Men	65+	Larynx	1	19	4	15	0.015361	0.001024	Uncorrelated	0	NA	NA	NA	8.482603	5.536267	1.532188	0.147758	-0.002652	0.002759	-0.961045	0.352835	NA	NA	NA	NA	30.650257	0.000000	252.958491	1.000000	0.000000	1.000000
Men	65+	Larynx	1	19	4	15	0.015361	0.001024	Uncorrelated	1	2013	2009	2016	61.099627	15.904669	3.841616	0.001797	-0.028790	0.007887	-3.650226	0.002624	-0.026139	0.008356	-3.128144	0.007406	0.000008	0.000000	0.000062	1.000000	0.000000	1.000000
Men	65+	Leukaemia	1	19	4	15	0.024032	0.001602	Uncorrelated	0	NA	NA	NA	-38.778404	5.370199	-7.221036	0.000004	0.021449	0.002675	8.018085	0.000001	NA	NA	NA	NA	28.839041	0.000000	1325.276730	1.000000	0.000000	1.000000
Men	65+	Leukaemia	1	19	4	15	0.024032	0.001602	Uncorrelated	1	2015	2012	2017	104.486750	36.404350	2.870172	0.012349	-0.049650	0.018044	-2.751589	0.015596	-0.071099	0.018241	-3.897670	0.001609	0.000007	0.000000	0.000326	1.000000	0.000000	1.000000
Men	65+	Liver	1	19	4	15	0.016401	0.001093	Uncorrelated	0	NA	NA	NA	-105.674708	5.505300	-19.195085	0.000000	0.054429	0.002744	19.837748	0.000000	NA	NA	NA	NA	30.308333	0.000000	250.136570	1.000000	0.000000	1.000000
Men	65+	Liver	1	19	4	15	0.016401	0.001093	Uncorrelated	1	2013	2010	2016	-49.730115	15.815706	-3.144350	0.007172	0.026638	0.007843	3.396310	0.004345	-0.027792	0.008309	-3.344680	0.004815	0.000008	0.000000	0.000062	1.000000	0.000000	1.000000
Men	65+	Lung	2	19	6	13	0.001654	0.000127	Uncorrelated	0	NA	NA	NA	75.413884	30.316310	2.487568	0.030165	-0.034660	0.015147	-2.288304	0.042905	NA	NA	NA	NA	919.078649	0.000000	0.000023	1.000000	0.000000	1.000000
Men	65+	Lung	2	19	6	13	0.001654	0.000127	Uncorrelated	1	2003	2003	2005	2.993852	9.606020	0.311664	0.761123	0.001495	0.004790	0.312184	0.760739	0.036156	0.015886	2.275939	0.043848	0.000229	0.000000	4.229985	1.000000	0.000000	1.000000
Men	65+	Lung	2	19	6	13	0.001654	0.000127	Uncorrelated	2	2008	2006	2013	29.645670	2.056693	14.414245	0.000000	-0.011778	0.001021	-11.533045	0.000000	-0.013273	0.004897	-2.710128	0.020286	92.275611	0.000000	0.000001	1.000000	0.000000	1.000000
Men	65+	Melanoma	2	19	6	13	0.008668	0.000667	Uncorrelated	0	NA	NA	NA	-170.877690	7.118857	-24.003530	0.000000	0.087167	0.003552	24.537985	0.000000	NA	NA	NA	NA	50.678122	0.000000	0.000035	1.000000	0.000000	1.000000
Men	65+	Melanoma	2	19	6	13	0.008668	0.000667	Uncorrelated	1	2008	2003	2011	-105.638538	11.953732	-8.837285	0.000003	0.054677	0.005944	9.198457	0.000002	-0.032490	0.006925	-4.691811	0.000659	0.000013	0.000000	143.745642	1.000000	0.000000	1.000000
Men	65+	Melanoma	2	19	6	13	0.008668	0.000667	Uncorrelated	2	2014	2007	2017	-48.625973	11.989397	-4.055748	0.001897	0.026369	0.005944	4.436124	0.001001	-0.028308	0.008406	-3.367478	0.006280	142.891709	0.000000	0.000035	1.000000	0.000000	1.000000
Men	65+	MultipleMyeloma	0	19	2	17	0.037014	0.002177	Uncorrelated	0	NA	NA	NA	-49.281892	3.928450	-12.544871	0.000000	0.026446	0.001954	13.530992	0.000000	NA	NA	NA	NA	15.432716	-0.007678	0.000004	1.000000	-0.999996	1.000000
Men	65+	Non-Hodgkin Lymphoma	1	19	4	15	0.005245	0.000350	Uncorrelated	0	NA	NA	NA	-52.497498	4.242086	-12.375398	0.000000	0.028360	0.002115	13.407551	0.000000	NA	NA	NA	NA	17.995291	0.000000	35.701255	1.000000	0.000000	1.000000
Men	65+	Non-Hodgkin Lymphoma	1	19	4	15	0.005245	0.000350	Uncorrelated	1	2011	2009	2013	12.245713	5.975053	2.049474	0.059637	-0.003835	0.002965	-1.293473	0.216783	-0.032195	0.003642	-8.840276	0.000000	0.000004	0.000000	0.000009	1.000000	0.000000	1.000000
Men	65+	Oesophagus	0	19	2	17	0.005252	0.000309	Uncorrelated	0	NA	NA	NA	-3.805256	1.479779	-2.571503	0.019812	0.004083	0.000736	5.545828	0.000036	NA	NA	NA	NA	2.189746	-0.001089	0.000001	1.000000	-0.999996	1.000000
Men	65+	Oral	0	19	2	17	0.033156	0.001950	Uncorrelated	0	NA	NA	NA	-52.890931	3.718037	-14.225500	0.000000	0.028175	0.001850	15.231506	0.000000	NA	NA	NA	NA	13.823797	-0.006877	0.000003	1.000000	-0.999996	1.000000
Men	65+	Pancreas	0	19	2	17	0.008397	0.000494	Uncorrelated	0	NA	NA	NA	-21.064755	1.871061	-11.258185	0.000000	0.012585	0.000931	13.519346	0.000000	NA	NA	NA	NA	3.500871	-0.001742	0.000001	1.000000	-0.999996	1.000000
Men	65+	Prostate	0	19	2	17	0.020919	0.001231	Uncorrelated	0	NA	NA	NA	-4.773953	2.953267	-1.616499	0.124391	0.005647	0.001469	3.843511	0.001302	NA	NA	NA	NA	8.721787	-0.004339	0.000002	1.000000	-0.999996	1.000000
Men	65+	Stomach	0	19	2	17	0.016464	0.000968	Uncorrelated	0	NA	NA	NA	84.591171	2.620032	32.286312	0.000000	-0.039920	0.001303	-30.625365	0.000000	NA	NA	NA	NA	6.864568	-0.003415	0.000002	1.000000	-0.999996	1.000000
Men	65+	Testis	0	19	2	17	0.196994	0.011588	Uncorrelated	0	NA	NA	NA	-20.442468	9.062788	-2.255649	0.037560	0.010452	0.004509	2.318156	0.033162	NA	NA	NA	NA	82.134126	-0.040862	0.000020	1.000000	-0.999996	1.000000
Men	65+	Thyroid	0	19	2	17	0.115744	0.006808	Uncorrelated	0	NA	NA	NA	-86.971996	6.946797	-12.519725	0.000000	0.044080	0.003456	12.754184	0.000000	NA	NA	NA	NA	48.257995	-0.024009	0.000012	1.000000	-0.999996	1.000000
Women	20-34	Bladder	0	19	2	17	2.325281	0.136781	Uncorrelated	0	NA	NA	NA	49.986882	31.136764	1.605397	0.126821	-0.025859	0.015491	-1.669296	0.113369	NA	NA	NA	NA	969.498047	-0.482334	0.000240	1.000000	-0.999996	1.000000
Women	20-34	Brain and CNS	0	19	2	17	0.236299	0.013900	Uncorrelated	0	NA	NA	NA	-40.586164	9.925836	-4.088942	0.000765	0.020635	0.004938	4.178695	0.000630	NA	NA	NA	NA	98.522228	-0.049016	0.000024	1.000000	-0.999996	1.000000
Women	20-34	Breast	1	19	4	15	0.016235	0.001082	Uncorrelated	0	NA	NA	NA	49.643805	14.849145	3.343210	0.004829	-0.023511	0.007412	-3.172228	0.006785	NA	NA	NA	NA	220.497101	0.000000	27.254011	1.000000	0.000000	1.000000
Women	20-34	Breast	1	19	4	15	0.016235	0.001082	Uncorrelated	1	2007	2006	2009	-52.084715	5.220537	-9.976888	0.000000	0.027176	0.002593	10.481314	0.000000	0.050687	0.007852	6.455263	0.000015	0.000055	0.000000	0.000007	1.000000	0.000000	1.000000
Women	20-34	Cervix	1	19	4	15	0.075660	0.005044	Uncorrelated	0	NA	NA	NA	-73.000588	10.845882	-6.730720	0.000010	0.037602	0.005404	6.958236	0.000007	NA	NA	NA	NA	117.633147	0.000000	2162.304531	1.000000	0.000000	1.000000
Women	20-34	Cervix	1	19	4	15	0.075660	0.005044	Uncorrelated	1	2014	2008	2016	80.303103	46.500586	1.726927	0.106168	-0.038517	0.023054	-1.670688	0.116978	-0.076119	0.023679	-3.214592	0.006237	0.000029	0.000000	0.000532	1.000000	0.000000	1.000000
Women	20-34	Colorectum	1	19	4	15	0.201243	0.013416	Uncorrelated	0	NA	NA	NA	-158.069837	13.638087	-11.590323	0.000000	0.079188	0.006792	11.659204	0.000000	NA	NA	NA	NA	185.997426	0.000000	26299.526919	1.000000	0.000000	1.000000
Women	20-34	Colorectum	1	19	4	15	0.201243	0.013416	Uncorrelated	1	2016	2014	2017	399.438799	162.171289	2.463067	0.027347	-0.197354	0.080362	-2.455805	0.027732	-0.276542	0.080649	-3.428963	0.004071	0.000046	0.000000	0.006458	1.000000	0.000000	1.000000
Women	20-34	Endometrium	1	19	4	15	0.618445	0.041230	Uncorrelated	0	NA	NA	NA	-652.934137	510.964929	-1.277845	0.222086	0.325648	0.255291	1.275595	0.222858	NA	NA	NA	NA	261085.158762	0.000000	387.796970	1.000000	0.000000	1.000000
Women	20-34	Endometrium	1	19	4	15	0.618445	0.041230	Uncorrelated	1	2003	2003	2013	-88.544141	19.692561	-4.496324	0.000503	0.043876	0.009790	4.481697	0.000517	-0.281772	0.255479	-1.102919	0.288661	0.065173	0.000000	0.000096	1.000000	0.000000	1.000000
Women	20-34	Hodgkin Lymphoma	0	19	2	17	0.054938	0.003232	Uncorrelated	0	NA	NA	NA	-30.383072	4.786012	-6.348306	0.000007	0.015779	0.002381	6.626770	0.000004	NA	NA	NA	NA	22.905915	-0.011396	0.000006	1.000000	-0.999996	1.000000
Women	20-34	Kidney	0	19	2	17	0.328180	0.019305	Uncorrelated	0	NA	NA	NA	-71.021180	11.697459	-6.071505	0.000012	0.035096	0.005820	6.030597	0.000014	NA	NA	NA	NA	136.830542	-0.068074	0.000034	1.000000	-0.999996	1.000000
Women	20-34	Leukaemia	0	19	2	17	0.188013	0.011060	Uncorrelated	0	NA	NA	NA	-28.646370	8.853804	-3.235487	0.004862	0.014582	0.004405	3.310488	0.004135	NA	NA	NA	NA	78.389853	-0.039000	0.000019	1.000000	-0.999996	1.000000
Women	20-34	Liver	0	19	2	17	2.500545	0.147091	Uncorrelated	0	NA	NA	NA	-80.637708	32.288891	-2.497382	0.023071	0.039327	0.016064	2.448123	0.025510	NA	NA	NA	NA	1042.572455	-0.518689	0.000258	1.000000	-0.999996	1.000000
Women	20-34	Lung	0	19	2	17	0.762875	0.044875	Uncorrelated	0	NA	NA	NA	-44.796283	17.834567	-2.511767	0.022401	0.022045	0.008873	2.484500	0.023687	NA	NA	NA	NA	318.071777	-0.158243	0.000079	1.000000	-0.999996	1.000000
Women	20-34	Melanoma	0	19	2	17	0.069140	0.004067	Uncorrelated	0	NA	NA	NA	-6.052063	5.369068	-1.127209	0.275314	0.004131	0.002671	1.546655	0.140359	NA	NA	NA	NA	28.826892	-0.014342	0.000007	1.000000	-0.999996	1.000000
Women	20-34	Non-Hodgkin Lymphoma	1	19	4	15	0.088500	0.005900	Uncorrelated	0	NA	NA	NA	246.626626	220.719607	1.117375	0.282643	-0.122762	0.110277	-1.113210	0.284367	NA	NA	NA	NA	48717.145126	0.000000	72.360916	1.000000	0.000000	1.000000
Women	20-34	Non-Hodgkin Lymphoma	1	19	4	15	0.088500	0.005900	Uncorrelated	1	2003	2003	2006	-39.086315	8.506522	-4.594864	0.000417	0.019881	0.004229	4.701170	0.000340	0.142643	0.110358	1.292542	0.217096	0.012161	0.000000	0.000018	1.000000	0.000000	1.000000
Women	20-34	Oral	1	19	4	15	0.160957	0.010730	Uncorrelated	0	NA	NA	NA	-85.475434	23.389099	-3.654499	0.002602	0.042578	0.011662	3.650888	0.002620	NA	NA	NA	NA	547.049936	0.000000	1085.304422	1.000000	0.000000	1.000000
Women	20-34	Oral	1	19	4	15	0.160957	0.010730	Uncorrelated	1	2011	2007	2014	51.590807	32.943959	1.566017	0.139663	-0.025580	0.016345	-1.564970	0.139908	-0.068158	0.020079	-3.394439	0.004361	0.000136	0.000000	0.000267	1.000000	0.000000	1.000000
Women	20-34	Ovary	0	19	2	17	0.078755	0.004633	Uncorrelated	0	NA	NA	NA	-53.006516	5.730254	-9.250291	0.000000	0.027151	0.002851	9.523737	0.000000	NA	NA	NA	NA	32.835806	-0.016336	0.000008	1.000000	-0.999996	1.000000
Women	20-34	Pancreas	0	19	2	17	1.195224	0.070307	Uncorrelated	0	NA	NA	NA	-120.258044	22.323403	-5.387084	0.000049	0.059163	0.011106	5.327098	0.000056	NA	NA	NA	NA	498.334327	-0.247926	0.000123	1.000000	-0.999996	1.000000
Women	20-34	Stomach	0	19	2	17	1.023626	0.060213	Uncorrelated	0	NA	NA	NA	-57.766785	20.658863	-2.796223	0.012404	0.028272	0.010278	2.750729	0.013647	NA	NA	NA	NA	426.788613	-0.212331	0.000106	1.000000	-0.999996	1.000000
Women	20-34	Thyroid	1	19	4	15	0.023636	0.001576	Uncorrelated	0	NA	NA	NA	-112.391076	4.830409	-23.267402	0.000000	0.056774	0.002406	23.600808	0.000000	NA	NA	NA	NA	23.332855	0.000000	3299.201874	1.000000	0.000000	1.000000
Women	20-34	Thyroid	1	19	4	15	0.023636	0.001576	Uncorrelated	1	2016	2012	2017	-17.963586	57.438679	-0.312744	0.759085	0.009935	0.028463	0.349031	0.732260	-0.046839	0.028565	-1.639756	0.123324	0.000006	0.000000	0.000810	1.000000	0.000000	1.000000
Women	35-49	Bladder	0	19	2	17	0.366279	0.021546	Uncorrelated	0	NA	NA	NA	7.534668	12.357821	0.609708	0.550118	-0.003706	0.006148	-0.602773	0.554617	NA	NA	NA	NA	152.715731	-0.075977	0.000038	1.000000	-0.999996	1.000000
Women	35-49	Brain and CNS	0	19	2	17	0.102184	0.006011	Uncorrelated	0	NA	NA	NA	-25.374941	6.527199	-3.887569	0.001183	0.013326	0.003247	4.103721	0.000741	NA	NA	NA	NA	42.604331	-0.021196	0.000011	1.000000	-0.999996	1.000000
Women	35-49	Breast	2	19	6	13	0.003659	0.000281	Uncorrelated	0	NA	NA	NA	-18.447137	7.350819	-2.509535	0.029010	0.011594	0.003669	3.160119	0.009077	NA	NA	NA	NA	54.034547	0.000000	0.000024	1.000000	0.000000	1.000000
Women	35-49	Breast	2	19	6	13	0.003659	0.000281	Uncorrelated	1	2007	2003	2011	-44.486589	9.755768	-4.560030	0.000817	0.024569	0.004854	5.061950	0.000365	0.012974	0.006084	2.132416	0.056343	0.000013	0.000000	54.738044	1.000000	0.000000	1.000000
Women	35-49	Breast	2	19	6	13	0.003659	0.000281	Uncorrelated	2	2013	2009	2014	20.573996	7.398516	2.780827	0.017877	-0.007751	0.003669	-2.112696	0.058304	-0.032320	0.006084	-5.312043	0.000248	95.175000	0.000000	0.000013	1.000000	0.000000	1.000000
Women	35-49	Cervix	1	19	4	15	0.050807	0.003387	Uncorrelated	0	NA	NA	NA	146.022988	167.813280	0.870152	0.398892	-0.071601	0.083844	-0.853985	0.407489	NA	NA	NA	NA	28161.296870	0.000000	41.828749	1.000000	0.000000	1.000000
Women	35-49	Cervix	1	19	4	15	0.050807	0.003387	Uncorrelated	1	2003	2003	2017	-20.349984	6.467515	-3.146492	0.007141	0.011461	0.003215	3.564425	0.003111	0.083062	0.083905	0.989947	0.339002	0.007030	0.000000	0.000010	1.000000	0.000000	1.000000
Women	35-49	Colorectum	1	19	4	15	0.016317	0.001088	Uncorrelated	0	NA	NA	NA	52.225399	95.364882	0.547638	0.592565	-0.024884	0.047647	-0.522255	0.609658	NA	NA	NA	NA	9094.460802	0.000000	13.508253	1.000000	0.000000	1.000000
Women	35-49	Colorectum	1	19	4	15	0.016317	0.001088	Uncorrelated	1	2003	2003	2012	-65.696686	3.675358	-17.874910	0.000000	0.033989	0.001827	18.602028	0.000000	0.058873	0.047682	1.234702	0.237264	0.002270	0.000000	0.000003	1.000000	0.000000	1.000000
Women	35-49	Endometrium	1	19	4	15	0.052305	0.003487	Uncorrelated	0	NA	NA	NA	-102.873484	27.995737	-3.674612	0.002500	0.052209	0.013973	3.736278	0.002213	NA	NA	NA	NA	783.761299	0.000000	96.874921	1.000000	0.000000	1.000000
Women	35-49	Endometrium	1	19	4	15	0.052305	0.003487	Uncorrelated	1	2007	2003	2015	-42.684460	9.842506	-4.336747	0.000683	0.022219	0.004888	4.545390	0.000458	-0.029990	0.014804	-2.025807	0.062282	0.000195	0.000000	0.000024	1.000000	0.000000	1.000000
Women	35-49	Gallbladder	0	19	2	17	0.270013	0.015883	Uncorrelated	0	NA	NA	NA	-69.326517	10.610315	-6.533879	0.000005	0.034150	0.005279	6.469272	0.000006	NA	NA	NA	NA	112.578790	-0.056009	0.000028	1.000000	-0.999996	1.000000
Women	35-49	Hodgkin Lymphoma	1	19	4	15	0.185057	0.012337	Uncorrelated	0	NA	NA	NA	-101.480958	35.206160	-2.882477	0.012052	0.050935	0.017564	2.900029	0.011641	NA	NA	NA	NA	1239.473724	0.000000	637.316854	1.000000	0.000000	1.000000
Women	35-49	Hodgkin Lymphoma	1	19	4	15	0.185057	0.012337	Uncorrelated	1	2009	2005	2013	28.603410	25.245135	1.133027	0.276235	-0.013816	0.012532	-1.102485	0.288843	-0.064751	0.021576	-3.001063	0.009531	0.000308	0.000000	0.000157	1.000000	0.000000	1.000000
Women	35-49	Kidney	0	19	2	17	0.142189	0.008364	Uncorrelated	0	NA	NA	NA	-97.088412	7.699613	-12.609519	0.000000	0.048965	0.003831	12.782340	0.000000	NA	NA	NA	NA	59.284036	-0.029494	0.000015	1.000000	-0.999996	1.000000
Women	35-49	Larynx	0	19	2	17	1.157440	0.068085	Uncorrelated	0	NA	NA	NA	-4.662588	21.967725	-0.212247	0.834438	0.001850	0.010929	0.169229	0.867614	NA	NA	NA	NA	482.580936	-0.240088	0.000119	1.000000	-0.999996	1.000000
Women	35-49	Leukaemia	0	19	2	17	0.053239	0.003132	Uncorrelated	0	NA	NA	NA	-32.076379	4.711391	-6.808261	0.000003	0.016633	0.002344	7.096277	0.000002	NA	NA	NA	NA	22.197202	-0.011043	0.000005	1.000000	-0.999996	1.000000
Women	35-49	Liver	0	19	2	17	0.361086	0.021240	Uncorrelated	0	NA	NA	NA	-88.105751	12.269902	-7.180640	0.000002	0.043783	0.006104	7.172376	0.000002	NA	NA	NA	NA	150.550487	-0.074900	0.000037	1.000000	-0.999996	1.000000
Women	35-49	Lung	0	19	2	17	0.065058	0.003827	Uncorrelated	0	NA	NA	NA	4.548106	5.208199	0.873259	0.394690	-0.001237	0.002591	-0.477257	0.639257	NA	NA	NA	NA	27.125340	-0.013495	0.000007	1.000000	-0.999996	1.000000
Women	35-49	Melanoma	1	19	4	15	0.039053	0.002604	Uncorrelated	0	NA	NA	NA	-95.713820	16.183323	-5.914349	0.000038	0.049178	0.008073	6.091315	0.000028	NA	NA	NA	NA	261.899951	0.000000	134.664616	1.000000	0.000000	1.000000
Women	35-49	Melanoma	1	19	4	15	0.039053	0.002604	Uncorrelated	1	2009	2005	2015	-18.844687	11.604508	-1.623911	0.126689	0.010916	0.005760	1.894943	0.078941	-0.038262	0.009918	-3.857918	0.001740	0.000065	0.000000	0.000033	1.000000	0.000000	1.000000
Women	35-49	MultipleMyeloma	0	19	2	17	0.225342	0.013255	Uncorrelated	0	NA	NA	NA	-117.738260	9.692968	-12.146771	0.000000	0.058829	0.004822	12.199144	0.000000	NA	NA	NA	NA	93.953627	-0.046743	0.000023	1.000000	-0.999996	1.000000
Women	35-49	Non-Hodgkin Lymphoma	1	19	4	15	0.072236	0.004816	Uncorrelated	0	NA	NA	NA	-34.870242	14.606094	-2.387376	0.031624	0.018340	0.007283	2.518202	0.024586	NA	NA	NA	NA	213.337994	0.000000	423.245948	1.000000	0.000000	1.000000
Women	35-49	Non-Hodgkin Lymphoma	1	19	4	15	0.072236	0.004816	Uncorrelated	1	2011	2008	2015	37.432186	20.572942	1.819486	0.090284	-0.017613	0.010207	-1.725557	0.106421	-0.035953	0.012539	-2.867278	0.012419	0.000053	0.000000	0.000104	1.000000	0.000000	1.000000
Women	35-49	Oesophagus	0	19	2	17	0.296004	0.017412	Uncorrelated	0	NA	NA	NA	25.570414	11.109244	2.301724	0.034269	-0.012689	0.005527	-2.295810	0.034676	NA	NA	NA	NA	123.415303	-0.061400	0.000031	1.000000	-0.999996	1.000000
Women	35-49	Oral	0	19	2	17	0.125475	0.007381	Uncorrelated	0	NA	NA	NA	-50.180289	7.232919	-6.937765	0.000002	0.025687	0.003598	7.138361	0.000002	NA	NA	NA	NA	52.315113	-0.026027	0.000013	1.000000	-0.999996	1.000000
Women	35-49	Ovary	2	19	6	13	0.009758	0.000751	Uncorrelated	0	NA	NA	NA	41.023649	39.814032	1.030382	0.324955	-0.019224	0.019887	-0.966674	0.354480	NA	NA	NA	NA	1585.157137	0.000000	0.000028	1.000000	0.000000	1.000000
Women	35-49	Ovary	2	19	6	13	0.009758	0.000751	Uncorrelated	1	2004	2003	2010	-38.381554	10.672642	-3.596256	0.004197	0.020399	0.005315	3.837963	0.002756	0.039623	0.020585	1.924853	0.080487	0.000395	0.000000	114.814714	1.000000	0.000000	1.000000
Women	35-49	Ovary	2	19	6	13	0.009758	0.000751	Uncorrelated	2	2012	2009	2016	28.922253	10.715163	2.699189	0.020687	-0.013052	0.005315	-2.455702	0.031921	-0.033451	0.007517	-4.450293	0.000978	113.905295	0.000000	0.000028	1.000000	0.000000	1.000000
Women	35-49	Pancreas	0	19	2	17	0.160977	0.009469	Uncorrelated	0	NA	NA	NA	-54.241915	8.192516	-6.620910	0.000004	0.027331	0.004076	6.705639	0.000004	NA	NA	NA	NA	67.117323	-0.033391	0.000017	1.000000	-0.999996	1.000000
Women	35-49	Stomach	0	19	2	17	0.180201	0.010600	Uncorrelated	0	NA	NA	NA	-9.073975	8.667918	-1.046846	0.309827	0.004828	0.004312	1.119676	0.278423	NA	NA	NA	NA	75.132800	-0.037379	0.000019	1.000000	-0.999996	1.000000
Women	35-49	Thyroid	1	19	4	15	0.046680	0.003112	Uncorrelated	0	NA	NA	NA	-163.361679	11.009578	-14.838141	0.000000	0.082384	0.005488	15.010786	0.000000	NA	NA	NA	NA	121.210812	0.000000	480.944055	1.000000	0.000000	1.000000
Women	35-49	Thyroid	1	19	4	15	0.046680	0.003112	Uncorrelated	1	2012	2009	2015	-72.584295	21.930437	-3.309751	0.005161	0.037266	0.010878	3.425752	0.004098	-0.045118	0.012184	-3.702968	0.002363	0.000030	0.000000	0.000118	1.000000	0.000000	1.000000
Women	50-64	Bladder	0	19	2	17	0.102862	0.006051	Uncorrelated	0	NA	NA	NA	43.631036	6.548808	6.662439	0.000004	-0.020751	0.003258	-6.369131	0.000007	NA	NA	NA	NA	42.886885	-0.021337	0.000011	1.000000	-0.999996	1.000000
Women	50-64	Brain and CNS	1	19	4	15	0.025610	0.001707	Uncorrelated	0	NA	NA	NA	-21.812365	10.945758	-1.992769	0.066154	0.012005	0.005459	2.198990	0.045186	NA	NA	NA	NA	119.809608	0.000000	121.007694	1.000000	0.000000	1.000000
Women	50-64	Brain and CNS	1	19	4	15	0.025610	0.001707	Uncorrelated	1	2010	2006	2013	26.316263	11.000350	2.392312	0.031327	-0.011940	0.005459	-2.187088	0.046204	-0.023945	0.007721	-3.101425	0.007810	0.000030	0.000000	0.000030	1.000000	0.000000	1.000000
Women	50-64	Breast	0	19	2	17	0.005797	0.000341	Uncorrelated	0	NA	NA	NA	8.975747	1.554620	5.773595	0.000022	-0.001625	0.000773	-2.100418	0.050919	NA	NA	NA	NA	2.416844	-0.001202	0.000001	1.000000	-0.999996	1.000000
Women	50-64	Cervix	1	19	4	15	0.035950	0.002397	Uncorrelated	0	NA	NA	NA	56.543839	18.334544	3.084006	0.008085	-0.027049	0.009149	-2.956560	0.010410	NA	NA	NA	NA	336.155519	0.000000	86.423078	1.000000	0.000000	1.000000
Women	50-64	Cervix	1	19	4	15	0.035950	0.002397	Uncorrelated	1	2008	2006	2016	-18.719682	9.296401	-2.013648	0.063682	0.010432	0.004616	2.260100	0.040279	0.037482	0.010247	3.657678	0.002585	0.000084	0.000000	0.000021	1.000000	0.000000	1.000000
Women	50-64	Colorectum	2	19	6	13	0.010490	0.000807	Uncorrelated	0	NA	NA	NA	47.510447	81.779341	0.580959	0.572979	-0.021717	0.040859	-0.531499	0.605640	NA	NA	NA	NA	6687.860534	0.000000	0.000167	1.000000	0.000000	1.000000
Women	50-64	Colorectum	2	19	6	13	0.010490	0.000807	Uncorrelated	1	2003	2003	2013	-72.577431	25.912584	-2.800857	0.017248	0.038237	0.012921	2.959385	0.012990	0.059954	0.042853	1.399052	0.189357	0.001669	0.000000	30.780333	1.000000	0.000000	1.000000
Women	50-64	Colorectum	2	19	6	13	0.010490	0.000807	Uncorrelated	2	2008	2006	2017	4.894304	5.548003	0.882174	0.396551	-0.000344	0.002755	-0.124894	0.902860	-0.038582	0.013211	-2.920378	0.013928	671.462031	0.000000	0.000008	1.000000	0.000000	1.000000
Women	50-64	Endometrium	1	19	4	15	0.010304	0.000687	Uncorrelated	0	NA	NA	NA	-74.068429	11.888845	-6.230078	0.000022	0.038871	0.005934	6.550450	0.000013	NA	NA	NA	NA	141.344635	0.000000	17.470562	1.000000	0.000000	1.000000
Women	50-64	Endometrium	1	19	4	15	0.010304	0.000687	Uncorrelated	1	2007	2006	2010	2.924153	4.179780	0.699595	0.495641	0.000509	0.002076	0.244995	0.810015	-0.038362	0.006287	-6.102136	0.000027	0.000035	0.000000	0.000004	1.000000	0.000000	1.000000
Women	50-64	Gallbladder	0	19	2	17	0.171745	0.010103	Uncorrelated	0	NA	NA	NA	-42.275190	8.462100	-4.995827	0.000111	0.021626	0.004210	5.136748	0.000082	NA	NA	NA	NA	71.607135	-0.035625	0.000018	1.000000	-0.999996	1.000000
Women	50-64	Hodgkin Lymphoma	1	19	4	15	0.184550	0.012303	Uncorrelated	0	NA	NA	NA	-78.406775	21.877324	-3.583929	0.002992	0.039409	0.010906	3.613527	0.002822	NA	NA	NA	NA	478.617320	0.000000	1899.072788	1.000000	0.000000	1.000000
Women	50-64	Hodgkin Lymphoma	1	19	4	15	0.184550	0.012303	Uncorrelated	1	2012	2008	2016	49.348082	43.578352	1.132399	0.276489	-0.024088	0.021616	-1.114328	0.283904	-0.063496	0.024212	-2.622565	0.020075	0.000119	0.000000	0.000467	1.000000	0.000000	1.000000
Women	50-64	Kidney	2	19	6	13	0.013492	0.001038	Uncorrelated	0	NA	NA	NA	-50.716802	27.770086	-1.826311	0.095042	0.026508	0.013868	1.911518	0.082329	NA	NA	NA	NA	771.177652	0.000000	0.000481	1.000000	0.000000	1.000000
Women	50-64	Kidney	2	19	6	13	0.013492	0.001038	Uncorrelated	1	2005	2003	2008	-153.458179	44.007028	-3.487129	0.005084	0.077751	0.021927	3.545937	0.004585	0.051243	0.025944	1.975115	0.073884	0.000192	0.000000	47.299956	1.000000	0.000000	1.000000
Women	50-64	Kidney	2	19	6	13	0.013492	0.001038	Uncorrelated	2	2009	2007	2012	-22.498817	6.877496	-3.271367	0.007447	0.012565	0.003414	3.680325	0.003624	-0.065186	0.022191	-2.937518	0.013508	1936.618501	0.000000	0.000012	1.000000	0.000000	1.000000
Women	50-64	Larynx	0	19	2	17	0.143682	0.008452	Uncorrelated	0	NA	NA	NA	28.119162	7.739927	3.633001	0.002056	-0.013592	0.003851	-3.529836	0.002572	NA	NA	NA	NA	59.906471	-0.029804	0.000015	1.000000	-0.999996	1.000000
Women	50-64	Leukaemia	1	19	4	15	0.045404	0.003027	Uncorrelated	0	NA	NA	NA	-42.815881	7.095027	-6.034633	0.000031	0.022552	0.003534	6.380854	0.000017	NA	NA	NA	NA	50.339403	0.000000	2313.309933	1.000000	0.000000	1.000000
Women	50-64	Leukaemia	1	19	4	15	0.045404	0.003027	Uncorrelated	1	2015	2010	2017	87.748869	48.096881	1.824419	0.089500	-0.042245	0.023840	-1.772028	0.098143	-0.064796	0.024100	-2.688604	0.017646	0.000012	0.000000	0.000568	1.000000	0.000000	1.000000
Women	50-64	Liver	2	19	6	13	0.041783	0.003214	Uncorrelated	0	NA	NA	NA	111.435919	161.412017	0.690382	0.504261	-0.055095	0.080646	-0.683171	0.508632	NA	NA	NA	NA	26053.839278	0.000000	0.000186	1.000000	0.000000	1.000000
Women	50-64	Liver	2	19	6	13	0.041783	0.003214	Uncorrelated	1	2003	2003	2005	-172.891981	27.351778	-6.321051	0.000057	0.086856	0.013632	6.371699	0.000053	0.141951	0.081789	1.735566	0.110530	0.006504	0.000000	220.054413	1.000000	0.000000	1.000000
Women	50-64	Liver	2	19	6	13	0.041783	0.003214	Uncorrelated	2	2010	2006	2013	-32.303019	14.834231	-2.177600	0.052083	0.016912	0.007362	2.297177	0.042241	-0.069945	0.015492	-4.514750	0.000880	748.119736	0.000000	0.000054	1.000000	0.000000	1.000000
Women	50-64	Lung	3	19	8	11	0.001940	0.000176	Uncorrelated	0	NA	NA	NA	8.332046	40.348219	0.206503	0.841556	-0.002110	0.020159	-0.104655	0.919226	NA	NA	NA	NA	1627.978757	0.000000	164.265291	1.000000	0.000000	1.000000
Women	50-64	Lung	3	19	8	11	0.001940	0.000176	Uncorrelated	1	2003	2003	2006	-64.760375	12.784728	-5.065448	0.000970	0.034382	0.006375	5.393356	0.000651	0.036491	0.021143	1.725942	0.122635	0.000406	0.000000	0.000041	1.000000	0.000000	1.000000
Women	50-64	Lung	3	19	8	11	0.001940	0.000176	Uncorrelated	2	2008	2006	2010	6.006174	12.816602	0.468625	0.651842	-0.000861	0.006375	-0.134995	0.895951	-0.035242	0.009015	-3.909134	0.004487	163.449270	0.000000	47.213504	1.000000	0.000000	1.000000
Women	50-64	Lung	3	19	8	11	0.001940	0.000176	Uncorrelated	3	2013	2009	2017	30.314348	6.871208	4.411793	0.002251	-0.012936	0.003407	-3.796390	0.005264	-0.012076	0.007228	-1.670581	0.133351	0.000041	0.000000	0.000012	1.000000	0.000000	1.000000
Women	50-64	Melanoma	1	19	4	15	0.013799	0.000920	Uncorrelated	0	NA	NA	NA	-110.898474	18.129981	-6.116856	0.000027	0.056965	0.009051	6.293471	0.000020	NA	NA	NA	NA	328.696203	0.000000	18.241067	1.000000	0.000000	1.000000
Women	50-64	Melanoma	1	19	4	15	0.013799	0.000920	Uncorrelated	1	2006	2005	2009	-37.938049	4.270956	-8.882800	0.000000	0.020594	0.002122	9.706297	0.000000	-0.036371	0.009297	-3.912238	0.001564	0.000082	0.000000	0.000005	1.000000	0.000000	1.000000
Women	50-64	MultipleMyeloma	0	19	2	17	0.051589	0.003035	Uncorrelated	0	NA	NA	NA	-56.701428	4.637834	-12.225843	0.000000	0.029304	0.002307	12.700080	0.000000	NA	NA	NA	NA	21.509504	-0.010701	0.000005	1.000000	-0.999996	1.000000
Women	50-64	Non-Hodgkin Lymphoma	1	19	4	15	0.017402	0.001160	Uncorrelated	0	NA	NA	NA	-35.503043	8.874553	-4.000544	0.001315	0.019276	0.004426	4.354920	0.000660	NA	NA	NA	NA	78.757699	0.000000	79.545270	1.000000	0.000000	1.000000
Women	50-64	Non-Hodgkin Lymphoma	1	19	4	15	0.017402	0.001160	Uncorrelated	1	2010	2007	2012	51.598470	8.918815	5.785350	0.000047	-0.024058	0.004426	-5.435422	0.000088	-0.043334	0.006260	-6.922817	0.000007	0.000020	0.000000	0.000020	1.000000	0.000000	1.000000
Women	50-64	Oesophagus	1	19	4	15	0.038880	0.002592	Uncorrelated	0	NA	NA	NA	-22.490970	11.307784	-1.988981	0.066611	0.012283	0.005638	2.178404	0.046961	NA	NA	NA	NA	127.865988	0.000000	253.676152	1.000000	0.000000	1.000000
Women	50-64	Oesophagus	1	19	4	15	0.038880	0.002592	Uncorrelated	1	2011	2006	2014	52.653786	15.927214	3.305901	0.005201	-0.025084	0.007902	-3.174266	0.006758	-0.037367	0.009708	-3.849215	0.001770	0.000032	0.000000	0.000062	1.000000	0.000000	1.000000
Women	50-64	Oral	1	19	4	15	0.023082	0.001539	Uncorrelated	0	NA	NA	NA	-87.128501	9.541864	-9.131183	0.000000	0.044701	0.004759	9.392797	0.000000	NA	NA	NA	NA	91.047163	0.000000	91.957628	1.000000	0.000000	1.000000
Women	50-64	Oral	1	19	4	15	0.023082	0.001539	Uncorrelated	1	2010	2008	2014	-31.584199	9.589454	-3.293639	0.005329	0.017067	0.004759	3.586156	0.002979	-0.027634	0.006730	-4.105915	0.001070	0.000023	0.000000	0.000023	1.000000	0.000000	1.000000
Women	50-64	Ovary	0	19	2	17	0.013270	0.000781	Uncorrelated	0	NA	NA	NA	41.204427	2.352190	17.517474	0.000000	-0.018715	0.001170	-15.992668	0.000000	NA	NA	NA	NA	5.532798	-0.002753	0.000001	1.000000	-0.999996	1.000000
Women	50-64	Pancreas	0	19	2	17	0.068210	0.004012	Uncorrelated	0	NA	NA	NA	-16.454496	5.332854	-3.085495	0.006710	0.009483	0.002653	3.574066	0.002337	NA	NA	NA	NA	28.439332	-0.014149	0.000007	1.000000	-0.999996	1.000000
Women	50-64	Stomach	1	19	4	15	0.050183	0.003346	Uncorrelated	0	NA	NA	NA	39.875324	8.722310	4.571647	0.000435	-0.018916	0.004346	-4.352499	0.000663	NA	NA	NA	NA	76.078699	0.000000	1398.460553	1.000000	0.000000	1.000000
Women	50-64	Stomach	1	19	4	15	0.050183	0.003346	Uncorrelated	1	2014	2003	2017	-29.792712	37.395996	-0.796682	0.438938	0.015676	0.018540	0.845515	0.412041	0.034592	0.019043	1.816520	0.090758	0.000019	0.000000	0.000344	1.000000	0.000000	1.000000
Women	50-64	Thyroid	0	19	2	17	0.096331	0.005667	Uncorrelated	0	NA	NA	NA	-112.041834	6.337518	-17.679134	0.000000	0.056786	0.003153	18.010324	0.000000	NA	NA	NA	NA	40.164136	-0.019982	0.000010	1.000000	-0.999996	1.000000
Women	65+	Bladder	1	19	4	15	0.010283	0.000686	Uncorrelated	0	NA	NA	NA	16.978728	5.303409	3.201474	0.006402	-0.006580	0.002644	-2.488063	0.026060	NA	NA	NA	NA	28.126151	0.000000	55.800091	1.000000	0.000000	1.000000
Women	65+	Bladder	1	19	4	15	0.010283	0.000686	Uncorrelated	1	2011	2006	2013	50.515681	7.469946	6.762523	0.000009	-0.023256	0.003706	-6.274882	0.000020	-0.016677	0.004553	-3.662853	0.002559	0.000007	0.000000	0.000014	1.000000	0.000000	1.000000
Women	65+	Brain and CNS	1	19	4	15	0.023867	0.001591	Uncorrelated	0	NA	NA	NA	-38.748485	8.953608	-4.327695	0.000695	0.020731	0.004465	4.643391	0.000380	NA	NA	NA	NA	80.167102	0.000000	159.045280	1.000000	0.000000	1.000000
Women	65+	Brain and CNS	1	19	4	15	0.023867	0.001591	Uncorrelated	1	2011	2007	2016	19.039649	12.611316	1.509727	0.153349	-0.008005	0.006257	-1.279414	0.221549	-0.028736	0.007687	-3.738450	0.002203	0.000020	0.000000	0.000039	1.000000	0.000000	1.000000
Women	65+	Breast	1	19	4	15	0.009408	0.000627	Uncorrelated	0	NA	NA	NA	-55.808170	22.437878	-2.487230	0.026102	0.030800	0.011205	2.748766	0.015683	NA	NA	NA	NA	503.458353	0.000000	11.175848	1.000000	0.000000	1.000000
Women	65+	Breast	1	19	4	15	0.009408	0.000627	Uncorrelated	1	2005	2003	2016	-8.430532	3.343030	-2.521824	0.024414	0.007170	0.001661	4.316330	0.000711	-0.023630	0.011327	-2.086071	0.055750	0.000126	0.000000	0.000003	1.000000	0.000000	1.000000
Women	65+	Cervix	1	19	4	15	0.037043	0.002470	Uncorrelated	0	NA	NA	NA	146.442341	69.930959	2.094099	0.054929	-0.071826	0.034931	-2.056248	0.058899	NA	NA	NA	NA	4890.339050	0.000000	35.280983	1.000000	0.000000	1.000000
Women	65+	Cervix	1	19	4	15	0.037043	0.002470	Uncorrelated	1	2004	2003	2017	50.153258	5.939780	8.443623	0.000001	-0.023777	0.002952	-8.054221	0.000001	0.048048	0.035055	1.370656	0.192059	0.001220	0.000000	0.000009	1.000000	0.000000	1.000000
Women	65+	Colorectum	2	19	6	13	0.001537	0.000118	Uncorrelated	0	NA	NA	NA	-17.684326	3.388307	-5.219222	0.000286	0.011538	0.001690	6.825798	0.000029	NA	NA	NA	NA	11.480624	0.000000	0.000004	1.000000	0.000000	1.000000
Women	65+	Colorectum	2	19	6	13	0.001537	0.000118	Uncorrelated	1	2009	2007	2011	33.193669	4.167408	7.965063	0.000007	-0.013787	0.002070	-6.659619	0.000036	-0.025325	0.002673	-9.475533	0.000001	0.000003	0.000000	977.889152	1.000000	0.000000	1.000000
Women	65+	Colorectum	2	19	6	13	0.001537	0.000118	Uncorrelated	2	2017	2015	2017	-29.199062	31.271219	-0.933736	0.370484	0.017146	0.015492	1.106767	0.292011	0.030933	0.015630	1.979104	0.073382	17.367290	0.000000	0.000240	1.000000	0.000000	1.000000
Women	65+	Endometrium	1	19	4	15	0.005399	0.000360	Uncorrelated	0	NA	NA	NA	-62.117946	3.752073	-16.555633	0.000000	0.033070	0.001870	17.680729	0.000000	NA	NA	NA	NA	14.078052	0.000000	55.859336	1.000000	0.000000	1.000000
Women	65+	Endometrium	1	19	4	15	0.005399	0.000360	Uncorrelated	1	2012	2010	2014	-4.361146	7.473910	-0.583516	0.568828	0.004364	0.003707	1.177214	0.258737	-0.028706	0.004152	-6.913131	0.000007	0.000003	0.000000	0.000014	1.000000	0.000000	1.000000
Women	65+	Gallbladder	0	19	2	17	0.055850	0.003285	Uncorrelated	0	NA	NA	NA	-67.141269	4.825573	-13.913638	0.000000	0.034699	0.002401	14.453229	0.000000	NA	NA	NA	NA	23.286150	-0.011585	0.000006	1.000000	-0.999996	1.000000
Women	65+	Hodgkin Lymphoma	0	19	2	17	0.147511	0.008677	Uncorrelated	0	NA	NA	NA	-59.236216	7.842390	-7.553337	0.000001	0.030059	0.003902	7.704068	0.000001	NA	NA	NA	NA	61.503082	-0.030598	0.000015	1.000000	-0.999996	1.000000
Women	65+	Kidney	1	19	4	15	0.014063	0.000938	Uncorrelated	0	NA	NA	NA	-85.600607	4.554490	-18.794774	0.000000	0.044379	0.002269	19.556217	0.000000	NA	NA	NA	NA	20.743378	0.000000	381.299846	1.000000	0.000000	1.000000
Women	65+	Kidney	1	19	4	15	0.014063	0.000938	Uncorrelated	1	2014	2012	2015	22.247431	19.526901	1.139322	0.273688	-0.009170	0.009681	-0.947230	0.359586	-0.053549	0.009944	-5.385308	0.000096	0.000005	0.000000	0.000094	1.000000	0.000000	1.000000
Women	65+	Larynx	0	19	2	17	0.117351	0.006903	Uncorrelated	0	NA	NA	NA	17.595485	6.994870	2.515484	0.022231	-0.008098	0.003480	-2.327016	0.032578	NA	NA	NA	NA	48.928207	-0.024342	0.000012	1.000000	-0.999996	1.000000
Women	65+	Leukaemia	1	19	4	15	0.021696	0.001446	Uncorrelated	0	NA	NA	NA	-30.264430	5.181792	-5.840534	0.000043	0.016941	0.002581	6.563187	0.000013	NA	NA	NA	NA	26.850966	0.000000	1233.916205	1.000000	0.000000	1.000000
Women	65+	Leukaemia	1	19	4	15	0.021696	0.001446	Uncorrelated	1	2015	2013	2017	96.949683	35.127143	2.759965	0.015342	-0.046193	0.017411	-2.653035	0.018917	-0.063134	0.017602	-3.586825	0.002975	0.000007	0.000000	0.000303	1.000000	0.000000	1.000000
Women	65+	Liver	1	19	4	15	0.040495	0.002700	Uncorrelated	0	NA	NA	NA	-97.454305	8.866582	-10.991192	0.000000	0.050012	0.004419	11.317694	0.000000	NA	NA	NA	NA	78.616274	0.000000	648.825033	1.000000	0.000000	1.000000
Women	65+	Liver	1	19	4	15	0.040495	0.002700	Uncorrelated	1	2013	2009	2016	-17.418079	25.472044	-0.683812	0.505256	0.010252	0.012632	0.811629	0.430588	-0.039760	0.013382	-2.971036	0.010116	0.000020	0.000000	0.000160	1.000000	0.000000	1.000000
Women	65+	Lung	1	19	4	15	0.003289	0.000219	Uncorrelated	0	NA	NA	NA	-43.664960	2.900855	-15.052447	0.000000	0.024463	0.001446	16.916987	0.000000	NA	NA	NA	NA	8.414958	0.000000	33.389132	1.000000	0.000000	1.000000
Women	65+	Lung	1	19	4	15	0.003289	0.000219	Uncorrelated	1	2012	2010	2014	-10.878169	5.778333	-1.882579	0.080707	0.008168	0.002866	2.849668	0.012858	-0.016296	0.003210	-5.075933	0.000169	0.000002	0.000000	0.000008	1.000000	0.000000	1.000000
Women	65+	Melanoma	1	19	4	15	0.006143	0.000410	Uncorrelated	0	NA	NA	NA	-96.869535	3.043331	-31.830098	0.000000	0.050118	0.001516	33.051680	0.000000	NA	NA	NA	NA	9.261866	0.000000	170.249410	1.000000	0.000000	1.000000
Women	65+	Melanoma	1	19	4	15	0.006143	0.000410	Uncorrelated	1	2014	2012	2016	-29.919038	13.047966	-2.293004	0.037849	0.016876	0.006469	2.608683	0.020626	-0.033243	0.006644	-5.003140	0.000193	0.000002	0.000000	0.000042	1.000000	0.000000	1.000000
Women	65+	MultipleMyeloma	0	19	2	17	0.051336	0.003020	Uncorrelated	0	NA	NA	NA	-42.412240	4.626461	-9.167319	0.000000	0.022815	0.002302	9.912116	0.000000	NA	NA	NA	NA	21.404139	-0.010649	0.000005	1.000000	-0.999996	1.000000
Women	65+	Non-Hodgkin Lymphoma	1	19	4	15	0.009713	0.000648	Uncorrelated	0	NA	NA	NA	-45.359882	4.600181	-9.860456	0.000000	0.024641	0.002293	10.745115	0.000000	NA	NA	NA	NA	21.161667	0.000000	83.965926	1.000000	0.000000	1.000000
Women	65+	Non-Hodgkin Lymphoma	1	19	4	15	0.009713	0.000648	Uncorrelated	1	2012	2009	2013	35.270115	9.163292	3.849066	0.001771	-0.015434	0.004545	-3.395558	0.004351	-0.040075	0.005091	-7.871630	0.000002	0.000005	0.000000	0.000021	1.000000	0.000000	1.000000
Women	65+	Oesophagus	0	19	2	17	0.009555	0.000562	Uncorrelated	0	NA	NA	NA	24.430805	1.996007	12.239840	0.000000	-0.010350	0.000993	-10.422553	0.000000	NA	NA	NA	NA	3.984043	-0.001982	0.000001	1.000000	-0.999996	1.000000
Women	65+	Oral	1	19	4	15	0.012017	0.000801	Uncorrelated	0	NA	NA	NA	-62.238449	6.449797	-9.649676	0.000000	0.032518	0.003216	10.111027	0.000000	NA	NA	NA	NA	41.599883	0.000000	82.530924	1.000000	0.000000	1.000000
Women	65+	Oral	1	19	4	15	0.012017	0.000801	Uncorrelated	1	2011	2007	2014	-27.095321	9.084653	-2.982538	0.009888	0.015042	0.004507	3.337215	0.004887	-0.017475	0.005537	-3.156061	0.007007	0.000010	0.000000	0.000020	1.000000	0.000000	1.000000
Women	65+	Ovary	1	19	4	15	0.007531	0.000502	Uncorrelated	0	NA	NA	NA	17.303143	3.872734	4.467940	0.000531	-0.006539	0.001930	-3.388046	0.004417	NA	NA	NA	NA	14.998067	0.000000	123.779990	1.000000	0.000000	1.000000
Women	65+	Ovary	1	19	4	15	0.007531	0.000502	Uncorrelated	1	2013	2008	2017	44.791187	11.125646	4.025940	0.001251	-0.020195	0.005517	-3.660212	0.002572	-0.013655	0.005845	-2.336166	0.034870	0.000004	0.000000	0.000030	1.000000	0.000000	1.000000
Women	65+	Pancreas	1	19	4	15	0.005593	0.000373	Uncorrelated	0	NA	NA	NA	-36.357024	7.445502	-4.883086	0.000242	0.020156	0.003715	5.425077	0.000089	NA	NA	NA	NA	55.435495	0.000000	14.252052	1.000000	0.000000	1.000000
Women	65+	Pancreas	1	19	4	15	0.005593	0.000373	Uncorrelated	1	2008	2005	2014	-3.124325	3.775189	-0.827594	0.421784	0.003606	0.001874	1.923604	0.074980	-0.016550	0.004161	-3.977065	0.001377	0.000014	0.000000	0.000004	1.000000	0.000000	1.000000
Women	65+	Stomach	2	19	6	13	0.009014	0.000693	Uncorrelated	0	NA	NA	NA	71.042179	8.668502	8.195439	0.000005	-0.033568	0.004325	-7.762212	0.000009	NA	NA	NA	NA	75.142935	0.000000	0.000028	1.000000	0.000000	1.000000
Women	65+	Stomach	2	19	6	13	0.009014	0.000693	Uncorrelated	1	2009	2004	2014	102.623095	10.661722	9.625377	0.000001	-0.049288	0.005296	-9.305802	0.000002	-0.015720	0.006838	-2.298990	0.042107	0.000019	0.000000	6400.476193	1.000000	0.000000	1.000000
Women	65+	Stomach	2	19	6	13	0.009014	0.000693	Uncorrelated	2	2017	2015	2017	-39.032129	80.002976	-0.487883	0.635211	0.020943	0.039635	0.528401	0.607717	0.070231	0.039987	1.756329	0.106797	113.672315	0.000000	0.001571	1.000000	0.000000	1.000000
Women	65+	Thyroid	1	19	4	15	0.028213	0.001881	Uncorrelated	0	NA	NA	NA	-91.458973	7.442748	-12.288334	0.000000	0.046553	0.003709	12.550350	0.000000	NA	NA	NA	NA	55.394500	0.000000	457.174280	1.000000	0.000000	1.000000
Women	65+	Thyroid	1	19	4	15	0.028213	0.001881	Uncorrelated	1	2013	2010	2017	-43.261237	21.381634	-2.023290	0.062569	0.022610	0.010603	2.132342	0.051171	-0.023943	0.011233	-2.131429	0.051258	0.000014	0.000000	0.000112	1.000000	0.000000	1.000000
