"sex"	"age_group"	"cancer_site"	"Model"	"# Joinpoints"	"# Observations"	"# Parameters"	"D.F."	"SSE"	"BIC"	"BIC3"	"Weight"	"WBIC"
Men	20-34	Bladder	1	0	19	2	17	       2.7911036	      -1.6080610	      -1.6080610	       0.0000000	      -1.6080610
Men	20-34	Bladder	2	1	19	4	15	       2.0786822	      -1.5928229	      -1.4378525	       0.2552472	      -1.5532672
Men	20-34	Bladder	3	2	19	6	13	       1.9301977	      -1.3569937	      -1.0470527	       0.5440806	      -1.1883608
Men	20-34	Bladder	4	3	19	8	11	       1.3991234	      -1.3688293	      -0.9039178	       0.5440806	      -1.1158800
Men	20-34	Brain and CNS	1	0	19	2	17	       0.0466316	      -5.6999750	      -5.6999750	       0.0000000	      -5.6999750
Men	20-34	Brain and CNS	2	1	19	4	15	       0.0400836	      -5.5413448	      -5.3863744	       0.1404194	      -5.5195840
Men	20-34	Brain and CNS	3	2	19	6	13	       0.0284642	      -5.5737225	      -5.2637816	       0.7309276	      -5.3471781
Men	20-34	Brain and CNS	4	3	19	8	11	       0.0254578	      -5.3754097	      -4.9104982	       0.7309276	      -5.0355931
Men	20-34	Colorectum	1	0	19	2	17	       0.7546078	      -2.9160552	      -2.9160552	       0.0000000	      -2.9160552
Men	20-34	Colorectum	2	1	19	4	15	       0.1521908	      -4.2071774	      -4.0522069	       0.7983180	      -4.0834617
Men	20-34	Colorectum	3	2	19	6	13	       0.1441563	      -3.9514735	      -3.6415325	       0.2072618	      -3.8872346
Men	20-34	Colorectum	4	3	19	8	11	       0.1386496	      -3.6804808	      -3.2155694	       0.2072618	      -3.5841224
Men	20-34	Gallbladder	1	0	19	0	0	       0.0000000	       0.0000000	       0.0000000	       0.0000000	       0.0000000
Men	20-34	Hodgkin Lymphoma	1	0	19	2	17	       0.0943033	      -4.9957375	      -4.9957375	       0.0000000	      -4.9957375
Men	20-34	Hodgkin Lymphoma	2	1	19	4	15	       0.0769209	      -4.8895353	      -4.7345648	       0.1843246	      -4.8609704
Men	20-34	Hodgkin Lymphoma	3	2	19	6	13	       0.0731170	      -4.6303099	      -4.3203690	       0.3749951	      -4.5140836
Men	20-34	Hodgkin Lymphoma	4	3	19	8	11	       0.0634889	      -4.4615658	      -3.9966544	       0.5023811	      -4.2280031
Men	20-34	Kidney	1	0	19	2	17	       0.3793289	      -3.6038497	      -3.6038497	       0.0000000	      -3.6038497
Men	20-34	Kidney	2	1	19	4	15	       0.3368154	      -3.4127773	      -3.2578068	       0.1120754	      -3.3954089
Men	20-34	Kidney	3	2	19	6	13	       0.2817131	      -3.2814822	      -2.9715413	       0.1891478	      -3.2228576
Men	20-34	Kidney	4	3	19	8	11	       0.2672029	      -3.0244221	      -2.5595106	       0.2641926	      -2.9015959
Men	20-34	Larynx	1	0	19	0	0	       0.0000000	       0.0000000	       0.0000000	       0.0000000	       0.0000000
Men	20-34	Leukaemia	1	0	19	2	17	       0.2263306	      -4.1202566	      -4.1202566	       0.0000000	      -4.1202566
Men	20-34	Leukaemia	2	1	19	4	15	       0.1996158	      -3.9359180	      -3.7809476	       0.1180345	      -3.9176262
Men	20-34	Leukaemia	3	2	19	6	13	       0.1589783	      -3.8536038	      -3.5436628	       0.6145217	      -3.6631384
Men	20-34	Leukaemia	4	3	19	8	11	       0.1470869	      -3.6214068	      -3.1564954	       0.6113805	      -3.3371691
Men	20-34	Liver	1	0	19	2	17	       1.2351410	      -2.4233129	      -2.4233129	       0.0000000	      -2.4233129
Men	20-34	Liver	2	1	19	4	15	       1.1696318	      -2.1678681	      -2.0128976	       0.0530378	      -2.1596488
Men	20-34	Liver	3	2	19	6	13	       1.0460616	      -1.9695839	      -1.6596430	       0.3457061	      -1.8624354
Men	20-34	Liver	4	3	19	8	11	       0.9241313	      -1.7835763	      -1.3186649	       0.3457061	      -1.6228536
Men	20-34	Lung	1	0	19	2	17	       0.5334841	      -3.2628241	      -3.2628241	       0.0000000	      -3.2628241
Men	20-34	Lung	2	1	19	4	15	       0.4968385	      -3.0240473	      -2.8690768	       0.0686910	      -3.0134022
Men	20-34	Lung	3	2	19	6	13	       0.4586487	      -2.7940868	      -2.4841459	       0.1077736	      -2.7606833
Men	20-34	Lung	4	3	19	8	11	       0.3713948	      -2.6951648	      -2.2302534	       0.3712771	      -2.5225539
Men	20-34	Melanoma	1	0	19	2	17	       0.0690184	      -5.3078800	      -5.3078800	       0.0000000	      -5.3078800
Men	20-34	Melanoma	2	1	19	4	15	       0.0531244	      -5.2596763	      -5.1047058	       0.2302867	      -5.2239886
Men	20-34	Melanoma	3	2	19	6	13	       0.0507462	      -4.9955347	      -4.6855938	       0.1888368	      -4.9370065
Men	20-34	Melanoma	4	3	19	8	11	       0.0463676	      -4.7758294	      -4.3109180	       0.6475473	      -4.4747773
Men	20-34	MultipleMyeloma	1	0	19	2	17	       3.0972247	      -1.5039916	      -1.5039916	       0.0000000	      -1.5039916
Men	20-34	MultipleMyeloma	2	1	19	4	15	       3.0208254	      -1.2190270	      -1.0640565	       0.0246670	      -1.2152043
Men	20-34	MultipleMyeloma	3	2	19	6	13	       2.5882801	      -1.0636226	      -0.7536816	       0.3198509	      -0.9644877
Men	20-34	MultipleMyeloma	4	3	19	8	11	       1.6921179	      -1.1786943	      -0.7137828	       0.7655447	      -0.8227838
Men	20-34	Non-Hodgkin Lymphoma	1	0	19	2	17	       0.0634905	      -5.3913630	      -5.3913630	       0.0000000	      -5.3913630
Men	20-34	Non-Hodgkin Lymphoma	2	1	19	4	15	       0.0614948	      -5.1133592	      -4.9583888	       0.0314326	      -5.1084881
Men	20-34	Non-Hodgkin Lymphoma	3	2	19	6	13	       0.0545683	      -4.9229186	      -4.6129777	       0.1143221	      -4.8874855
Men	20-34	Non-Hodgkin Lymphoma	4	3	19	8	11	       0.0503603	      -4.6932274	      -4.2283160	       0.2475301	      -4.5781479
Men	20-34	Oesophagus	1	0	19	2	17	       3.3817592	      -1.4161020	      -1.4161020	       0.0000000	      -1.4161020
Men	20-34	Oesophagus	2	1	19	4	15	       2.9124428	      -1.2555649	      -1.1005944	       0.1387788	      -1.2340583
Men	20-34	Oesophagus	3	2	19	6	13	       2.6164563	      -1.0527953	      -0.7428544	       0.4600726	      -0.9102000
Men	20-34	Oesophagus	4	3	19	8	11	       2.3744656	      -0.8399028	      -0.3749914	       0.5351135	      -0.5911224
Men	20-34	Oral	1	0	19	2	17	       0.4617661	      -3.4071948	      -3.4071948	       0.0000000	      -3.4071948
Men	20-34	Oral	2	1	19	4	15	       0.2728117	      -3.6235307	      -3.4685603	       0.4091995	      -3.5601169
Men	20-34	Oral	3	2	19	6	13	       0.1837792	      -3.7086363	      -3.3986954	       0.6918636	      -3.4941994
Men	20-34	Oral	4	3	19	8	11	       0.1713605	      -3.4686612	      -3.0037497	       0.7300631	      -3.1292465
Men	20-34	Pancreas	1	0	19	2	17	       2.8312438	      -1.5937819	      -1.5937819	       0.0000000	      -1.5937819
Men	20-34	Pancreas	2	1	19	4	15	       2.0823278	      -1.5910707	      -1.4361002	       0.2645184	      -1.5500782
Men	20-34	Pancreas	3	2	19	6	13	       1.7950141	      -1.4296033	      -1.1196623	       0.3394418	      -1.3243964
Men	20-34	Pancreas	4	3	19	8	11	       1.7096719	      -1.1683737	      -0.7034623	       0.2551076	      -1.0497713
Men	20-34	Prostate	1	0	19	0	0	       0.0000000	       0.0000000	       0.0000000	       0.0000000	       0.0000000
Men	20-34	Stomach	1	0	19	2	17	       1.3643767	      -2.3238004	      -2.3238004	       0.0000000	      -2.3238004
Men	20-34	Stomach	2	1	19	4	15	       1.2760734	      -2.0807694	      -1.9257989	       0.0647206	      -2.0707396
Men	20-34	Stomach	3	2	19	6	13	       1.2264761	      -1.8104711	      -1.5005301	       0.1867239	      -1.7525977
Men	20-34	Stomach	4	3	19	8	11	       1.1203839	      -1.5910038	      -1.1260924	       0.4658663	      -1.3744172
Men	20-34	Testis	1	0	19	2	17	       0.0418724	      -5.8076263	      -5.8076263	       0.0000000	      -5.8076263
Men	20-34	Testis	2	1	19	4	15	       0.0235540	      -6.0730165	      -5.9180461	       0.4374815	      -6.0052198
Men	20-34	Testis	3	2	19	6	13	       0.0223912	      -5.8137020	      -5.5037610	       0.4227730	      -5.6826673
Men	20-34	Testis	4	3	19	8	11	       0.0213152	      -5.5530094	      -5.0880980	       0.2680886	      -5.4283719
Men	20-34	Thyroid	1	0	19	2	17	       0.2090363	      -4.1997455	      -4.1997455	       0.0000000	      -4.1997455
Men	20-34	Thyroid	2	1	19	4	15	       0.2028320	      -3.9199342	      -3.7649637	       0.0296802	      -3.9153346
Men	20-34	Thyroid	3	2	19	6	13	       0.1602820	      -3.8454364	      -3.5354955	       0.2293254	      -3.7743591
Men	20-34	Thyroid	4	3	19	8	11	       0.1242984	      -3.7897450	      -3.3248335	       0.4907971	      -3.5615678
Men	35-49	Bladder	1	0	19	2	17	       0.1515640	      -4.5212454	      -4.5212454	       0.0000000	      -4.5212454
Men	35-49	Bladder	2	1	19	4	15	       0.1384461	      -4.3018315	      -4.1468611	       0.0865504	      -4.2884188
Men	35-49	Bladder	3	2	19	6	13	       0.1089433	      -4.2315436	      -3.9216027	       0.7936536	      -3.9855579
Men	35-49	Bladder	4	3	19	8	11	       0.0817201	      -4.2091308	      -3.7442194	       0.7936536	      -3.8401522
Men	35-49	Brain and CNS	1	0	19	2	17	       0.0307914	      -6.1150174	      -6.1150174	       0.0000000	      -6.1150174
Men	35-49	Brain and CNS	2	1	19	4	15	       0.0256181	      -5.9890140	      -5.8340435	       0.1680122	      -5.9629770
Men	35-49	Brain and CNS	3	2	19	6	13	       0.0234176	      -5.7688849	      -5.4589439	       0.5402580	      -5.6014368
Men	35-49	Brain and CNS	4	3	19	8	11	       0.0201040	      -5.6115141	      -5.1466027	       0.5402580	      -5.3603420
Men	35-49	Colorectum	1	0	19	2	17	       0.0263388	      -6.2712084	      -6.2712084	       0.0000000	      -6.2712084
Men	35-49	Colorectum	2	1	19	4	15	       0.0150692	      -6.5196594	      -6.3646889	       0.4278717	      -6.4533519
Men	35-49	Colorectum	3	2	19	6	13	       0.0135138	      -6.3186616	      -6.0087207	       0.6696635	      -6.1111055
Men	35-49	Colorectum	4	3	19	8	11	       0.0098239	      -6.3276154	      -5.8627040	       0.4775118	      -6.1056148
Men	35-49	Gallbladder	1	0	19	2	17	       0.6169025	      -3.1175423	      -3.1175423	       0.0000000	      -3.1175423
Men	35-49	Gallbladder	2	1	19	4	15	       0.6028379	      -2.8306640	      -2.6756936	       0.0227988	      -2.8271309
Men	35-49	Gallbladder	3	2	19	6	13	       0.4765111	      -2.7558804	      -2.4459395	       0.3492108	      -2.6476457
Men	35-49	Gallbladder	4	3	19	8	11	       0.4300946	      -2.5484253	      -2.0835139	       0.4832083	      -2.3237762
Men	35-49	Hodgkin Lymphoma	1	0	19	2	17	       0.0594002	      -5.4579552	      -5.4579552	       0.0000000	      -5.4579552
Men	35-49	Hodgkin Lymphoma	2	1	19	4	15	       0.0506093	      -5.3081771	      -5.1532066	       0.1479950	      -5.2852422
Men	35-49	Hodgkin Lymphoma	3	2	19	6	13	       0.0465496	      -5.0818526	      -4.7719117	       0.1711147	      -5.0288172
Men	35-49	Hodgkin Lymphoma	4	3	19	8	11	       0.0433793	      -4.8424486	      -4.3775372	       0.2369392	      -4.7322929
Men	35-49	Kidney	1	0	19	2	17	       0.0887592	      -5.0563257	      -5.0563257	       0.0000000	      -5.0563257
Men	35-49	Kidney	2	1	19	4	15	       0.0639143	      -5.0747697	      -4.9197993	       0.2799142	      -5.0313913
Men	35-49	Kidney	3	2	19	6	13	       0.0244984	      -5.7237639	      -5.4138230	       0.7237206	      -5.4994533
Men	35-49	Kidney	4	3	19	8	11	       0.0221685	      -5.5137569	      -5.0488455	       0.7061699	      -5.1854504
Men	35-49	Larynx	1	0	19	2	17	       0.1911357	      -4.2892695	      -4.2892695	       0.0000000	      -4.2892695
Men	35-49	Larynx	2	1	19	4	15	       0.1691630	      -4.1014496	      -3.9464791	       0.1149587	      -4.0836344
Men	35-49	Larynx	3	2	19	6	13	       0.1334560	      -4.0285995	      -3.7186586	       0.3966555	      -3.9056597
Men	35-49	Larynx	4	3	19	8	11	       0.1075543	      -3.9344351	      -3.4695236	       0.5054075	      -3.6994653
Men	35-49	Leukaemia	1	0	19	2	17	       0.0794795	      -5.1667544	      -5.1667544	       0.0000000	      -5.1667544
Men	35-49	Leukaemia	2	1	19	4	15	       0.0614923	      -5.1134003	      -4.9584299	       0.2263122	      -5.0783286
Men	35-49	Leukaemia	3	2	19	6	13	       0.0446380	      -5.1237858	      -4.8138449	       0.5076560	      -4.9664425
Men	35-49	Leukaemia	4	3	19	8	11	       0.0377443	      -4.9815967	      -4.5166853	       0.5475258	      -4.7270457
Men	35-49	Liver	1	0	19	2	17	       0.3636420	      -3.6460835	      -3.6460835	       0.0000000	      -3.6460835
Men	35-49	Liver	2	1	19	4	15	       0.2214908	      -3.8319313	      -3.6769608	       0.3909097	      -3.7713518
Men	35-49	Liver	3	2	19	6	13	       0.2101600	      -3.5745023	      -3.2645613	       0.2743359	      -3.4894744
Men	35-49	Liver	4	3	19	8	11	       0.1949054	      -3.3399162	      -2.8750048	       0.2743359	      -3.2123744
Men	35-49	Lung	1	0	19	2	17	       0.0519108	      -5.5927257	      -5.5927257	       0.0000000	      -5.5927257
Men	35-49	Lung	2	1	19	4	15	       0.0355997	      -5.6599747	      -5.5050042	       0.3142142	      -5.6112808
Men	35-49	Lung	3	2	19	6	13	       0.0351892	      -5.3616322	      -5.0516913	       0.3943966	      -5.2393926
Men	35-49	Lung	4	3	19	8	11	       0.0340943	      -5.0833004	      -4.6183890	       0.4280512	      -4.8842945
Men	35-49	Melanoma	1	0	19	2	17	       0.1346659	      -4.6394564	      -4.6394564	       0.0000000	      -4.6394564
Men	35-49	Melanoma	2	1	19	4	15	       0.0426702	      -5.4788124	      -5.3238419	       0.6831405	      -5.3729458
Men	35-49	Melanoma	3	2	19	6	13	       0.0273049	      -5.6153038	      -5.3053629	       0.7953152	      -5.3688031
Men	35-49	Melanoma	4	3	19	8	11	       0.0262908	      -5.3432108	      -4.8782994	       0.9285596	      -4.9115129
Men	35-49	MultipleMyeloma	1	0	19	2	17	       0.2662320	      -3.9578851	      -3.9578851	       0.0000000	      -3.9578851
Men	35-49	MultipleMyeloma	2	1	19	4	15	       0.2171697	      -3.8516331	      -3.6966627	       0.1842840	      -3.8230746
Men	35-49	MultipleMyeloma	3	2	19	6	13	       0.1704605	      -3.7838677	      -3.4739268	       0.7740641	      -3.5439536
Men	35-49	MultipleMyeloma	4	3	19	8	11	       0.1447351	      -3.6375252	      -3.1726138	       0.4664505	      -3.4206671
Men	35-49	Non-Hodgkin Lymphoma	1	0	19	2	17	       0.1143380	      -4.8030946	      -4.8030946	       0.0000000	      -4.8030946
Men	35-49	Non-Hodgkin Lymphoma	2	1	19	4	15	       0.0292877	      -5.8551449	      -5.7001744	       0.7438498	      -5.7398701
Men	35-49	Non-Hodgkin Lymphoma	3	2	19	6	13	       0.0233188	      -5.7731119	      -5.4631709	       0.7893681	      -5.5284544
Men	35-49	Non-Hodgkin Lymphoma	4	3	19	8	11	       0.0218777	      -5.5269616	      -5.0620502	       0.8823311	      -5.1167558
Men	35-49	Oesophagus	1	0	19	2	17	       0.1124083	      -4.8201152	      -4.8201152	       0.0000000	      -4.8201152
Men	35-49	Oesophagus	2	1	19	4	15	       0.1011283	      -4.6159219	      -4.4609514	       0.1003483	      -4.6003709
Men	35-49	Oesophagus	3	2	19	6	13	       0.0867449	      -4.4594003	      -4.1494593	       0.3540181	      -4.3496756
Men	35-49	Oesophagus	4	3	19	8	11	       0.0837449	      -4.1846555	      -3.7197441	       0.4878651	      -3.9578414
Men	35-49	Oral	1	0	19	2	17	       0.0605767	      -5.4383433	      -5.4383433	       0.0000000	      -5.4383433
Men	35-49	Oral	2	1	19	4	15	       0.0096753	      -6.9627396	      -6.8077691	       0.8402807	      -6.8325209
Men	35-49	Oral	3	2	19	6	13	       0.0082365	      -6.8137991	      -6.5038582	       0.8728186	      -6.5432769
Men	35-49	Oral	4	3	19	8	11	       0.0071927	      -6.6393651	      -6.1744537	       0.7641564	      -6.2841000
Men	35-49	Pancreas	1	0	19	2	17	       0.1642556	      -4.4408295	      -4.4408295	       0.0000000	      -4.4408295
Men	35-49	Pancreas	2	1	19	4	15	       0.1163594	      -4.4756284	      -4.3206579	       0.2915954	      -4.4304397
Men	35-49	Pancreas	3	2	19	6	13	       0.0766992	      -4.5824801	      -4.2725391	       0.6953719	      -4.3669559
Men	35-49	Pancreas	4	3	19	8	11	       0.0730625	      -4.3211146	      -3.8562032	       0.6953719	      -3.9978283
Men	35-49	Prostate	1	0	19	2	17	       0.1581604	      -4.4786438	      -4.4786438	       0.0000000	      -4.4786438
Men	35-49	Prostate	2	1	19	4	15	       0.0650215	      -5.0575937	      -4.9026232	       0.5888885	      -4.9663334
Men	35-49	Prostate	3	2	19	6	13	       0.0489219	      -5.0321467	      -4.7222058	       0.2844125	      -4.9439957
Men	35-49	Prostate	4	3	19	8	11	       0.0476759	      -4.7480038	      -4.2830924	       0.4093094	      -4.5577112
Men	35-49	Stomach	1	0	19	2	17	       0.1288020	      -4.6839773	      -4.6839773	       0.0000000	      -4.6839773
Men	35-49	Stomach	2	1	19	4	15	       0.1095235	      -4.5361729	      -4.3812024	       0.1496749	      -4.5129777
Men	35-49	Stomach	3	2	19	6	13	       0.0878302	      -4.4469658	      -4.1370249	       0.8703285	      -4.1772154
Men	35-49	Stomach	4	3	19	8	11	       0.0601621	      -4.5153887	      -4.0504773	       0.5670022	      -4.2517829
Men	35-49	Testis	1	0	19	2	17	       0.0435967	      -5.7672713	      -5.7672713	       0.0000000	      -5.7672713
Men	35-49	Testis	2	1	19	4	15	       0.0332132	      -5.7293658	      -5.5743953	       0.2381727	      -5.6924560
Men	35-49	Testis	3	2	19	6	13	       0.0296430	      -5.5331446	      -5.2232036	       0.2122699	      -5.4673534
Men	35-49	Testis	4	3	19	8	11	       0.0273679	      -5.3030596	      -4.8381482	       0.3571069	      -5.1370365
Men	35-49	Thyroid	1	0	19	2	17	       0.1084492	      -4.8559718	      -4.8559718	       0.0000000	      -4.8559718
Men	35-49	Thyroid	2	1	19	4	15	       0.0419149	      -5.4966706	      -5.3417001	       0.6135063	      -5.4015952
Men	35-49	Thyroid	3	2	19	6	13	       0.0380071	      -5.2845984	      -4.9746575	       0.6643715	      -5.0786825
Men	35-49	Thyroid	4	3	19	8	11	       0.0361840	      -5.0238131	      -4.5589017	       0.7249960	      -4.6867542
Men	50-64	Bladder	1	0	19	2	17	       0.0495935	      -5.6383944	      -5.6383944	       0.0000000	      -5.6383944
Men	50-64	Bladder	2	1	19	4	15	       0.0363492	      -5.6391396	      -5.4841691	       0.2670561	      -5.5977537
Men	50-64	Bladder	3	2	19	6	13	       0.0201173	      -5.9207899	      -5.6108490	       0.8209576	      -5.6663415
Men	50-64	Bladder	4	3	19	8	11	       0.0135380	      -6.0069324	      -5.5420210	       0.8209576	      -5.6252599
Men	50-64	Brain and CNS	1	0	19	2	17	       0.0472643	      -5.6864977	      -5.6864977	       0.0000000	      -5.6864977
Men	50-64	Brain and CNS	2	1	19	4	15	       0.0306131	      -5.8108845	      -5.6559140	       0.3523001	      -5.7562884
Men	50-64	Brain and CNS	3	2	19	6	13	       0.0255993	      -5.6798061	      -5.3698652	       0.4679205	      -5.5347784
Men	50-64	Brain and CNS	4	3	19	8	11	       0.0242185	      -5.4253117	      -4.9604003	       0.5709064	      -5.1598908
Men	50-64	Colorectum	1	0	19	2	17	       0.0316312	      -6.0881092	      -6.0881092	       0.0000000	      -6.0881092
Men	50-64	Colorectum	2	1	19	4	15	       0.0151225	      -6.5161270	      -6.3611565	       0.5219113	      -6.4352462
Men	50-64	Colorectum	3	2	19	6	13	       0.0063041	      -7.0811738	      -6.7712328	       0.8198458	      -6.8270700
Men	50-64	Colorectum	4	3	19	8	11	       0.0051170	      -6.9798635	      -6.5149521	       0.8117230	      -6.6024842
Men	50-64	Gallbladder	1	0	19	2	17	       0.2218967	      -4.1400415	      -4.1400415	       0.0000000	      -4.1400415
Men	50-64	Gallbladder	2	1	19	4	15	       0.1614779	      -4.1479443	      -3.9929738	       0.2722835	      -4.1057484
Men	50-64	Gallbladder	3	2	19	6	13	       0.0988627	      -4.3286393	      -4.0186983	       0.5301351	      -4.1643287
Men	50-64	Gallbladder	4	3	19	8	11	       0.0839944	      -4.1816803	      -3.7167689	       0.6132712	      -3.8965635
Men	50-64	Hodgkin Lymphoma	1	0	19	2	17	       0.1076790	      -4.8630990	      -4.8630990	       0.0000000	      -4.8630990
Men	50-64	Hodgkin Lymphoma	2	1	19	4	15	       0.0913920	      -4.7171548	      -4.5621843	       0.1512552	      -4.6937147
Men	50-64	Hodgkin Lymphoma	3	2	19	6	13	       0.0736918	      -4.6224805	      -4.3125395	       0.7534492	      -4.3889557
Men	50-64	Hodgkin Lymphoma	4	3	19	8	11	       0.0645802	      -4.4445232	      -3.9796118	       0.7534492	      -4.0942361
Men	50-64	Kidney	1	0	19	2	17	       0.0190284	      -6.5963229	      -6.5963229	       0.0000000	      -6.5963229
Men	50-64	Kidney	2	1	19	4	15	       0.0070470	      -7.2797034	      -7.1247329	       0.6296555	      -7.1821254
Men	50-64	Kidney	3	2	19	6	13	       0.0060112	      -7.1287405	      -6.8187996	       0.5035332	      -6.9726749
Men	50-64	Kidney	4	3	19	8	11	       0.0055661	      -6.8957369	      -6.4308255	       0.5035332	      -6.6616386
Men	50-64	Larynx	1	0	19	2	17	       0.0549079	      -5.5365955	      -5.5365955	       0.0000000	      -5.5365955
Men	50-64	Larynx	2	1	19	4	15	       0.0271622	      -5.9304867	      -5.7755162	       0.5053141	      -5.8521779
Men	50-64	Larynx	3	2	19	6	13	       0.0241571	      -5.7377941	      -5.4278532	       0.6671661	      -5.5310121
Men	50-64	Larynx	4	3	19	8	11	       0.0195919	      -5.6373123	      -5.1724009	       0.9840344	      -5.1798235
Men	50-64	Leukaemia	1	0	19	2	17	       0.0855078	      -5.0936454	      -5.0936454	       0.0000000	      -5.0936454
Men	50-64	Leukaemia	2	1	19	4	15	       0.0210647	      -6.1847132	      -6.0297428	       0.7536517	      -6.0679195
Men	50-64	Leukaemia	3	2	19	6	13	       0.0152742	      -6.1962068	      -5.8862659	       0.8443929	      -5.9344949
Men	50-64	Leukaemia	4	3	19	8	11	       0.0132944	      -6.0250841	      -5.5601727	       0.8456859	      -5.6319151
Men	50-64	Liver	1	0	19	2	17	       0.1457472	      -4.5603794	      -4.5603794	       0.0000000	      -4.5603794
Men	50-64	Liver	2	1	19	4	15	       0.0398370	      -5.5475172	      -5.3925467	       0.7266709	      -5.4349046
Men	50-64	Liver	3	2	19	6	13	       0.0360495	      -5.3374783	      -5.0275373	       0.7388362	      -5.1084827
Men	50-64	Liver	4	3	19	8	11	       0.0273644	      -5.3031887	      -4.8382773	       0.7051491	      -4.9753568
Men	50-64	Lung	1	0	19	2	17	       0.0130113	      -6.9764368	      -6.9764368	       0.0000000	      -6.9764368
Men	50-64	Lung	2	1	19	4	15	       0.0034027	      -8.0077555	      -7.8527850	       0.7384842	      -7.8933123
Men	50-64	Lung	3	2	19	6	13	       0.0030258	      -7.8151854	      -7.5052444	       0.7122675	      -7.5944245
Men	50-64	Lung	4	3	19	8	11	       0.0022946	      -7.7818615	      -7.3169501	       0.7122675	      -7.4507202
Men	50-64	Melanoma	1	0	19	2	17	       0.0750138	      -5.2245811	      -5.2245811	       0.0000000	      -5.2245811
Men	50-64	Melanoma	2	1	19	4	15	       0.0145836	      -6.5524157	      -6.3974452	       0.8055880	      -6.4275734
Men	50-64	Melanoma	3	2	19	6	13	       0.0124357	      -6.4018014	      -6.0918605	       0.3340541	      -6.2982644
Men	50-64	Melanoma	4	3	19	8	11	       0.0110441	      -6.2105296	      -5.7456182	       0.6386696	      -5.9136048
Men	50-64	MultipleMyeloma	1	0	19	2	17	       0.0621622	      -5.4125064	      -5.4125064	       0.0000000	      -5.4125064
Men	50-64	MultipleMyeloma	2	1	19	4	15	       0.0595800	      -5.1449923	      -4.9900218	       0.0415395	      -5.1385549
Men	50-64	MultipleMyeloma	3	2	19	6	13	       0.0474541	      -5.0626081	      -4.7526672	       0.3797298	      -4.9449143
Men	50-64	MultipleMyeloma	4	3	19	8	11	       0.0384167	      -4.9639372	      -4.4990258	       0.7136307	      -4.6321622
Men	50-64	Non-Hodgkin Lymphoma	1	0	19	2	17	       0.0640221	      -5.3830244	      -5.3830244	       0.0000000	      -5.3830244
Men	50-64	Non-Hodgkin Lymphoma	2	1	19	4	15	       0.0116909	      -6.7734994	      -6.6185290	       0.8173925	      -6.6468277
Men	50-64	Non-Hodgkin Lymphoma	3	2	19	6	13	       0.0091512	      -6.7084877	      -6.3985468	       0.8498443	      -6.4450862
Men	50-64	Non-Hodgkin Lymphoma	4	3	19	8	11	       0.0084911	      -6.4734124	      -6.0085010	       0.8504562	      -6.0780256
Men	50-64	Oesophagus	1	0	19	2	17	       0.0558464	      -5.5196483	      -5.5196483	       0.0000000	      -5.5196483
Men	50-64	Oesophagus	2	1	19	4	15	       0.0068117	      -7.3136648	      -7.1586943	       0.8780273	      -7.1775965
Men	50-64	Oesophagus	3	2	19	6	13	       0.0036611	      -7.6245944	      -7.3146535	       0.8924803	      -7.3479782
Men	50-64	Oesophagus	4	3	19	8	11	       0.0024370	      -7.7216641	      -7.2567527	       0.8924803	      -7.3067398
Men	50-64	Oral	1	0	19	2	17	       0.0363777	      -5.9482971	      -5.9482971	       0.0000000	      -5.9482971
Men	50-64	Oral	2	1	19	4	15	       0.0123792	      -6.7162942	      -6.5613237	       0.6597035	      -6.6140596
Men	50-64	Oral	3	2	19	6	13	       0.0118227	      -6.4523469	      -6.1424059	       0.7713327	      -6.2132793
Men	50-64	Oral	4	3	19	8	11	       0.0098497	      -6.3249877	      -5.8600763	       0.8176215	      -5.9448661
Men	50-64	Pancreas	1	0	19	2	17	       0.0286123	      -6.1884164	      -6.1884164	       0.0000000	      -6.1884164
Men	50-64	Pancreas	2	1	19	4	15	       0.0127596	      -6.6860259	      -6.5310554	       0.5540509	      -6.6001643
Men	50-64	Pancreas	3	2	19	6	13	       0.0115601	      -6.4748126	      -6.1648717	       0.4273883	      -6.3423475
Men	50-64	Pancreas	4	3	19	8	11	       0.0108439	      -6.2288255	      -5.7639141	       0.4876884	      -6.0020936
Men	50-64	Prostate	1	0	19	2	17	       0.0967732	      -4.9698833	      -4.9698833	       0.0000000	      -4.9698833
Men	50-64	Prostate	2	1	19	4	15	       0.0433756	      -5.4624160	      -5.3074455	       0.5517812	      -5.3769062
Men	50-64	Prostate	3	2	19	6	13	       0.0265963	      -5.6416002	      -5.3316592	       0.8397477	      -5.3813280
Men	50-64	Prostate	4	3	19	8	11	       0.0225287	      -5.4976391	      -5.0327277	       0.7686745	      -5.1402736
Men	50-64	Stomach	1	0	19	2	17	       0.0551218	      -5.5327073	      -5.5327073	       0.0000000	      -5.5327073
Men	50-64	Stomach	2	1	19	4	15	       0.0282343	      -5.8917749	      -5.7368045	       0.4877839	      -5.8161828
Men	50-64	Stomach	3	2	19	6	13	       0.0215772	      -5.8507319	      -5.5407910	       0.6853174	      -5.6383240
Men	50-64	Stomach	4	3	19	8	11	       0.0206502	      -5.5847044	      -5.1197930	       0.7060647	      -5.2564469
Men	50-64	Testis	1	0	19	2	17	       0.1803729	      -4.3472271	      -4.3472271	       0.0000000	      -4.3472271
Men	50-64	Testis	2	1	19	4	15	       0.1358698	      -4.3206154	      -4.1656449	       0.2467283	      -4.2823798
Men	50-64	Testis	3	2	19	6	13	       0.0872808	      -4.4532404	      -4.1432994	       0.6139566	      -4.2629501
Men	50-64	Testis	4	3	19	8	11	       0.0757584	      -4.2848807	      -3.8199692	       0.6139566	      -3.9994452
Men	50-64	Thyroid	1	0	19	2	17	       0.1618119	      -4.4558190	      -4.4558190	       0.0000000	      -4.4558190
Men	50-64	Thyroid	2	1	19	4	15	       0.1105719	      -4.5266461	      -4.3716756	       0.3166636	      -4.4775726
Men	50-64	Thyroid	3	2	19	6	13	       0.1033160	      -4.2845791	      -3.9746381	       0.4800341	      -4.1357969
Men	50-64	Thyroid	4	3	19	8	11	       0.0996008	      -4.0112598	      -3.5463484	       0.5004934	      -3.7785747
Men	65+	Bladder	1	0	19	2	17	       0.0177725	      -6.6645999	      -6.6645999	       0.0000000	      -6.6645999
Men	65+	Bladder	2	1	19	4	15	       0.0087038	      -7.0685567	      -6.9135862	       0.5102685	      -6.9894802
Men	65+	Bladder	3	2	19	6	13	       0.0057913	      -7.1660204	      -6.8560794	       0.6993919	      -6.9492502
Men	65+	Bladder	4	3	19	8	11	       0.0031746	      -7.4572519	      -6.9923405	       0.8226257	      -7.0748038
Men	65+	Brain and CNS	1	0	19	2	17	       0.0200333	      -6.5448587	      -6.5448587	       0.0000000	      -6.5448587
Men	65+	Brain and CNS	2	1	19	4	15	       0.0133264	      -6.6425625	      -6.4875921	       0.3347849	      -6.5906808
Men	65+	Brain and CNS	3	2	19	6	13	       0.0128864	      -6.3662023	      -6.0562614	       0.2556125	      -6.2869775
Men	65+	Brain and CNS	4	3	19	8	11	       0.0121135	      -6.1181126	      -5.6532012	       0.3197927	      -5.9694373
Men	65+	Colorectum	1	0	19	2	17	       0.0363630	      -5.9487029	      -5.9487029	       0.0000000	      -5.9487029
Men	65+	Colorectum	2	1	19	4	15	       0.0060128	      -7.4384286	      -7.2834581	       0.8346461	      -7.3090830
Men	65+	Colorectum	3	2	19	6	13	       0.0024911	      -8.0096518	      -7.6997108	       0.9173704	      -7.7253211
Men	65+	Colorectum	4	3	19	8	11	       0.0017903	      -8.0300723	      -7.5651609	       0.8263357	      -7.6458994
Men	65+	Gallbladder	1	0	19	2	17	       0.0802068	      -5.1576449	      -5.1576449	       0.0000000	      -5.1576449
Men	65+	Gallbladder	2	1	19	4	15	       0.0643815	      -5.0674868	      -4.9125163	       0.1973069	      -5.0369100
Men	65+	Gallbladder	3	2	19	6	13	       0.0451344	      -5.1127261	      -4.8027852	       0.7907096	      -4.8676529
Men	65+	Gallbladder	4	3	19	8	11	       0.0443905	      -4.8194047	      -4.3544933	       0.7907096	      -4.4517948
Men	65+	Hodgkin Lymphoma	1	0	19	2	17	       0.1213983	      -4.7431764	      -4.7431764	       0.0000000	      -4.7431764
Men	65+	Hodgkin Lymphoma	2	1	19	4	15	       0.0754121	      -4.9093444	      -4.7543739	       0.3788042	      -4.8506409
Men	65+	Hodgkin Lymphoma	3	2	19	6	13	       0.0628347	      -4.7818633	      -4.4719223	       0.2814854	      -4.6946194
Men	65+	Hodgkin Lymphoma	4	3	19	8	11	       0.0470578	      -4.7610541	      -4.2961427	       0.7567336	      -4.4092401
Men	65+	Kidney	1	0	19	2	17	       0.0543335	      -5.5471124	      -5.5471124	       0.0000000	      -5.5471124
Men	65+	Kidney	2	1	19	4	15	       0.0235333	      -6.0738946	      -5.9189241	       0.5668725	      -5.9860461
Men	65+	Kidney	3	2	19	6	13	       0.0189513	      -5.9805005	      -5.6705595	       0.7268529	      -5.7552190
Men	65+	Kidney	4	3	19	8	11	       0.0123211	      -6.1011177	      -5.6362063	       0.7692274	      -5.7434951
Men	65+	Larynx	1	0	19	2	17	       0.0332500	      -6.0381995	      -6.0381995	       0.0000000	      -6.0381995
Men	65+	Larynx	2	1	19	4	15	       0.0153614	      -6.5004540	      -6.3454835	       0.5380024	      -6.4170795
Men	65+	Larynx	3	2	19	6	13	       0.0137375	      -6.3022395	      -5.9922985	       0.5474889	      -6.1325502
Men	65+	Larynx	4	3	19	8	11	       0.0125313	      -6.0841998	      -5.6192883	       0.5963944	      -5.8069292
Men	65+	Leukaemia	1	0	19	2	17	       0.0923203	      -5.0169892	      -5.0169892	       0.0000000	      -5.0169892
Men	65+	Leukaemia	2	1	19	4	15	       0.0240319	      -6.0529299	      -5.8979594	       0.7396899	      -5.9382998
Men	65+	Leukaemia	3	2	19	6	13	       0.0199986	      -5.9267087	      -5.6167677	       0.8156350	      -5.6739100
Men	65+	Leukaemia	4	3	19	8	11	       0.0162588	      -5.8237963	      -5.3588849	       0.8506604	      -5.4283146
Men	65+	Liver	1	0	19	2	17	       0.0366235	      -5.9415625	      -5.9415625	       0.0000000	      -5.9415625
Men	65+	Liver	2	1	19	4	15	       0.0164008	      -6.4349804	      -6.2800100	       0.5521778	      -6.3494092
Men	65+	Liver	3	2	19	6	13	       0.0155706	      -6.1769853	      -5.8670444	       0.4595929	      -6.0345387
Men	65+	Liver	4	3	19	8	11	       0.0149459	      -5.9079940	      -5.4430825	       0.7154048	      -5.5753941
Men	65+	Lung	1	0	19	2	17	       0.0051700	      -7.8993832	      -7.8993832	       0.0000000	      -7.8993832
Men	65+	Lung	2	1	19	4	15	       0.0038205	      -7.8919363	      -7.7369658	       0.2610274	      -7.8514848
Men	65+	Lung	3	2	19	6	13	       0.0016538	      -8.4193156	      -8.1093747	       0.8117785	      -8.1677122
Men	65+	Lung	4	3	19	8	11	       0.0014473	      -8.2427286	      -7.7778171	       0.7914024	      -7.8747965
Men	65+	Melanoma	1	0	19	2	17	       0.0898189	      -5.0444574	      -5.0444574	       0.0000000	      -5.0444574
Men	65+	Melanoma	2	1	19	4	15	       0.0166572	      -6.4194706	      -6.2645002	       0.8145471	      -6.2932399
Men	65+	Melanoma	3	2	19	6	13	       0.0086677	      -6.7627640	      -6.4528230	       0.8313737	      -6.5050872
Men	65+	Melanoma	4	3	19	8	11	       0.0064973	      -6.7410407	      -6.2761293	       0.8313737	      -6.3545256
Men	65+	MultipleMyeloma	1	0	19	2	17	       0.0370144	      -5.9309461	      -5.9309461	       0.0000000	      -5.9309461
Men	65+	MultipleMyeloma	2	1	19	4	15	       0.0352503	      -5.6698384	      -5.5148679	       0.0476601	      -5.6624525
Men	65+	MultipleMyeloma	3	2	19	6	13	       0.0247145	      -5.7149797	      -5.4050388	       0.6485820	      -5.5139576
Men	65+	MultipleMyeloma	4	3	19	8	11	       0.0240500	      -5.4322940	      -4.9673826	       0.7154862	      -5.0996563
Men	65+	Non-Hodgkin Lymphoma	1	0	19	2	17	       0.0412494	      -5.8226156	      -5.8226156	       0.0000000	      -5.8226156
Men	65+	Non-Hodgkin Lymphoma	2	1	19	4	15	       0.0052451	      -7.5750137	      -7.4200432	       0.8728439	      -7.4397487
Men	65+	Non-Hodgkin Lymphoma	3	2	19	6	13	       0.0045911	      -7.3982621	      -7.0883212	       0.8675507	      -7.1293727
Men	65+	Non-Hodgkin Lymphoma	4	3	19	8	11	       0.0038266	      -7.2704447	      -6.8055333	       0.8591738	      -6.8710050
Men	65+	Oesophagus	1	0	19	2	17	       0.0052520	      -7.8836503	      -7.8836503	       0.0000000	      -7.8836503
Men	65+	Oesophagus	2	1	19	4	15	       0.0045823	      -7.7101103	      -7.5551398	       0.1275073	      -7.6903504
Men	65+	Oesophagus	3	2	19	6	13	       0.0043851	      -7.4441569	      -7.1342159	       0.2664995	      -7.3615578
Men	65+	Oesophagus	4	3	19	8	11	       0.0041343	      -7.1931073	      -6.7281959	       0.4483638	      -6.9846578
Men	65+	Oral	1	0	19	2	17	       0.0331555	      -6.0410442	      -6.0410442	       0.0000000	      -6.0410442
Men	65+	Oral	2	1	19	4	15	       0.0314107	      -5.7851650	      -5.6301945	       0.0526264	      -5.7770095
Men	65+	Oral	3	2	19	6	13	       0.0265015	      -5.6451690	      -5.3352281	       0.2795590	      -5.5585223
Men	65+	Oral	4	3	19	8	11	       0.0239301	      -5.4372940	      -4.9723826	       0.3174812	      -5.2896934
Men	65+	Pancreas	1	0	19	2	17	       0.0083966	      -7.4144240	      -7.4144240	       0.0000000	      -7.4144240
Men	65+	Pancreas	2	1	19	4	15	       0.0077013	      -7.1909248	      -7.0359543	       0.0828110	      -7.1780915
Men	65+	Pancreas	3	2	19	6	13	       0.0069393	      -6.9851773	      -6.6752364	       0.1057948	      -6.9523872
Men	65+	Pancreas	4	3	19	8	11	       0.0067219	      -6.7070633	      -6.2421519	       0.7076033	      -6.3780904
Men	65+	Prostate	1	0	19	2	17	       0.0209187	      -6.5016116	      -6.5016116	       0.0000000	      -6.5016116
Men	65+	Prostate	2	1	19	4	15	       0.0187957	      -6.2986840	      -6.1437136	       0.1014863	      -6.2829566
Men	65+	Prostate	3	2	19	6	13	       0.0158535	      -6.1589788	      -5.8490378	       0.2464915	      -6.0825809
Men	65+	Prostate	4	3	19	8	11	       0.0142091	      -5.9585446	      -5.4936332	       0.3077034	      -5.8154898
Men	65+	Stomach	1	0	19	2	17	       0.0164642	      -6.7410627	      -6.7410627	       0.0000000	      -6.7410627
Men	65+	Stomach	2	1	19	4	15	       0.0139662	      -6.5956731	      -6.4407026	       0.1517258	      -6.5721600
Men	65+	Stomach	3	2	19	6	13	       0.0083868	      -6.7957167	      -6.4857757	       0.4925281	      -6.6430621
Men	65+	Stomach	4	3	19	8	11	       0.0060313	      -6.8154602	      -6.3505488	       0.7717629	      -6.4566588
Men	65+	Testis	1	0	19	2	17	       0.1969936	      -4.2590822	      -4.2590822	       0.0000000	      -4.2590822
Men	65+	Testis	2	1	19	4	15	       0.1853722	      -4.0099465	      -3.8549760	       0.0589935	      -4.0008042
Men	65+	Testis	3	2	19	6	13	       0.1261983	      -4.0845168	      -3.7745758	       0.7260865	      -3.8594728
Men	65+	Testis	4	3	19	8	11	       0.1085444	      -3.9252714	      -3.4603600	       0.7260865	      -3.5877055
Men	65+	Thyroid	1	0	19	2	17	       0.1157438	      -4.7908743	      -4.7908743	       0.0000000	      -4.7908743
Men	65+	Thyroid	2	1	19	4	15	       0.0893257	      -4.7400228	      -4.5850523	       0.2282461	      -4.7046514
Men	65+	Thyroid	3	2	19	6	13	       0.0675336	      -4.7097456	      -4.3998046	       0.3864127	      -4.5899804
Men	65+	Thyroid	4	3	19	8	11	       0.0561645	      -4.5841450	      -4.1192336	       0.8624924	      -4.1831625
Women	20-34	Bladder	1	0	19	2	17	       2.3252806	      -1.7906573	      -1.7906573	       0.0000000	      -1.7906573
Women	20-34	Bladder	2	1	19	4	15	       1.9503886	      -1.6565285	      -1.5015580	       0.1612244	      -1.6315434
Women	20-34	Bladder	3	2	19	6	13	       1.8869438	      -1.3796577	      -1.0697167	       0.6666667	      -1.1730304
Women	20-34	Bladder	4	3	19	8	11	       1.4935912	      -1.3034918	      -0.8385803	       0.6034483	      -1.0229418
Women	20-34	Brain and CNS	1	0	19	2	17	       0.2362994	      -4.0771536	      -4.0771536	       0.0000000	      -4.0771536
Women	20-34	Brain and CNS	2	1	19	4	15	       0.2251980	      -3.8153323	      -3.6603618	       0.0469803	      -3.8080517
Women	20-34	Brain and CNS	3	2	19	6	13	       0.1418345	      -3.9677103	      -3.6577694	       0.7926355	      -3.7220401
Women	20-34	Brain and CNS	4	3	19	8	11	       0.1176124	      -3.8450359	      -3.3801245	       0.7926355	      -3.4765307
Women	20-34	Breast	1	0	19	2	17	       0.0835022	      -5.1173802	      -5.1173802	       0.0000000	      -5.1173802
Women	20-34	Breast	2	1	19	4	15	       0.0162354	      -6.4451208	      -6.2901504	       0.8055697	      -6.3202813
Women	20-34	Breast	3	2	19	6	13	       0.0156220	      -6.1736889	      -5.8637480	       0.8048141	      -5.9242441
Women	20-34	Breast	4	3	19	8	11	       0.0117080	      -6.1521555	      -5.6872441	       0.5461597	      -5.8982396
Women	20-34	Cervix	1	0	19	2	17	       0.1912881	      -4.2884729	      -4.2884729	       0.0000000	      -4.2884729
Women	20-34	Cervix	2	1	19	4	15	       0.0756601	      -4.9060614	      -4.7510909	       0.6044703	      -4.8123863
Women	20-34	Cervix	3	2	19	6	13	       0.0652508	      -4.7441327	      -4.4341918	       0.8478780	      -4.4813406
Women	20-34	Cervix	4	3	19	8	11	       0.0541452	      -4.6207609	      -4.1558494	       0.8478780	      -4.2265727
Women	20-34	Colorectum	1	0	19	2	17	       0.7915800	      -2.8682224	      -2.8682224	       0.0000000	      -2.8682224
Women	20-34	Colorectum	2	1	19	4	15	       0.2012430	      -3.9277990	      -3.7728286	       0.7457704	      -3.8122266
Women	20-34	Colorectum	3	2	19	6	13	       0.1745838	      -3.7599668	      -3.4500258	       0.7187161	      -3.5372072
Women	20-34	Colorectum	4	3	19	8	11	       0.1047224	      -3.9611171	      -3.4962056	       0.6952578	      -3.6378838
Women	20-34	Endometrium	1	0	19	2	17	       0.8836546	      -2.7581871	      -2.7581871	       0.0000000	      -2.7581871
Women	20-34	Endometrium	2	1	19	4	15	       0.6184453	      -2.8051037	      -2.6501332	       0.3001278	      -2.7585927
Women	20-34	Endometrium	3	2	19	6	13	       0.5998253	      -2.5257330	      -2.2157921	       0.5185828	      -2.3650030
Women	20-34	Endometrium	4	3	19	8	11	       0.4988043	      -2.4002166	      -1.9353052	       0.5185828	      -2.1591215
Women	20-34	Gallbladder	1	0	19	0	0	       0.0000000	       0.0000000	       0.0000000	       0.0000000	       0.0000000
Women	20-34	Hodgkin Lymphoma	1	0	19	2	17	       0.0549384	      -5.5360406	      -5.5360406	       0.0000000	      -5.5360406
Women	20-34	Hodgkin Lymphoma	2	1	19	4	15	       0.0515953	      -5.2888823	      -5.1339118	       0.0608524	      -5.2794520
Women	20-34	Hodgkin Lymphoma	3	2	19	6	13	       0.0433564	      -5.1529160	      -4.8429751	       0.5562312	      -4.9805172
Women	20-34	Hodgkin Lymphoma	4	3	19	8	11	       0.0363456	      -5.0193587	      -4.5544473	       0.5916124	      -4.7443113
Women	20-34	Kidney	1	0	19	2	17	       0.3281795	      -3.7486925	      -3.7486925	       0.0000000	      -3.7486925
Women	20-34	Kidney	2	1	19	4	15	       0.2388761	      -3.7563676	      -3.6013971	       0.2721178	      -3.7141973
Women	20-34	Kidney	3	2	19	6	13	       0.2114231	      -3.5685101	      -3.2585692	       0.3109659	      -3.4721291
Women	20-34	Kidney	4	3	19	8	11	       0.1956255	      -3.3362282	      -2.8713168	       0.7437664	      -2.9904427
Women	20-34	Larynx	1	0	19	0	0	       0.0000000	       0.0000000	       0.0000000	       0.0000000	       0.0000000
Women	20-34	Leukaemia	1	0	19	2	17	       0.1880132	      -4.3057413	      -4.3057413	       0.0000000	      -4.3057413
Women	20-34	Leukaemia	2	1	19	4	15	       0.1840385	      -4.0171671	      -3.8621967	       0.0211402	      -4.0138910
Women	20-34	Leukaemia	3	2	19	6	13	       0.1738249	      -3.7643230	      -3.4543821	       0.1630670	      -3.7137819
Women	20-34	Leukaemia	4	3	19	8	11	       0.1662455	      -3.4989651	      -3.0340537	       0.8972930	      -3.0818034
Women	20-34	Liver	1	0	19	2	17	       2.5005451	      -1.7179893	      -1.7179893	       0.0000000	      -1.7179893
Women	20-34	Liver	2	1	19	4	15	       2.1148855	      -1.5755564	      -1.4205859	       0.1542302	      -1.5516553
Women	20-34	Liver	3	2	19	6	13	       1.9080384	      -1.3685405	      -1.0585995	       0.1101511	      -1.3344001
Women	20-34	Liver	4	3	19	8	11	       1.6211305	      -1.2215514	      -0.7566400	       0.5393027	      -0.9708234
Women	20-34	Lung	1	0	19	2	17	       0.7628753	      -2.9051587	      -2.9051587	       0.0000000	      -2.9051587
Women	20-34	Lung	2	1	19	4	15	       0.6707276	      -2.7239493	      -2.5689788	       0.1207900	      -2.7052304
Women	20-34	Lung	3	2	19	6	13	       0.4904824	      -2.7269821	      -2.4170411	       0.4177847	      -2.5974935
Women	20-34	Lung	4	3	19	8	11	       0.4479576	      -2.5077320	      -2.0428205	       0.4463481	      -2.3002196
Women	20-34	Melanoma	1	0	19	2	17	       0.0691395	      -5.3061270	      -5.3061270	       0.0000000	      -5.3061270
Women	20-34	Melanoma	2	1	19	4	15	       0.0562028	      -5.2033465	      -5.0483760	       0.1871107	      -5.1743498
Women	20-34	Melanoma	3	2	19	6	13	       0.0462120	      -5.0891329	      -4.7791920	       0.4775477	      -4.9411213
Women	20-34	Melanoma	4	3	19	8	11	       0.0408412	      -4.9027386	      -4.4378272	       0.4937486	      -4.6731892
Women	20-34	MultipleMyeloma	1	0	19	0	0	       0.0000000	       0.0000000	       0.0000000	       0.0000000	       0.0000000
Women	20-34	Non-Hodgkin Lymphoma	1	0	19	2	17	       0.1564655	      -4.4894180	      -4.4894180	       0.0000000	      -4.4894180
Women	20-34	Non-Hodgkin Lymphoma	2	1	19	4	15	       0.0884997	      -4.7493129	      -4.5943424	       0.4343817	      -4.6819965
Women	20-34	Non-Hodgkin Lymphoma	3	2	19	6	13	       0.0714064	      -4.6539842	      -4.3440432	       0.7131290	      -4.4329563
Women	20-34	Non-Hodgkin Lymphoma	4	3	19	8	11	       0.0579997	      -4.5519930	      -4.0870816	       0.8819948	      -4.1419435
Women	20-34	Oesophagus	1	0	19	0	0	       0.0000000	       0.0000000	       0.0000000	       0.0000000	       0.0000000
Women	20-34	Oral	1	0	19	2	17	       0.3223286	      -3.7666817	      -3.7666817	       0.0000000	      -3.7666817
Women	20-34	Oral	2	1	19	4	15	       0.1609570	      -4.1511752	      -3.9962048	       0.5006432	      -4.0735903
Women	20-34	Oral	3	2	19	6	13	       0.1254071	      -4.0908065	      -3.7808656	       0.7352092	      -3.8629351
Women	20-34	Oral	4	3	19	8	11	       0.1188041	      -3.8349542	      -3.3700428	       0.7494973	      -3.4865044
Women	20-34	Ovary	1	0	19	2	17	       0.0787546	      -5.1759162	      -5.1759162	       0.0000000	      -5.1759162
Women	20-34	Ovary	2	1	19	4	15	       0.0595600	      -5.1453278	      -4.9903574	       0.2437268	      -5.1075574
Women	20-34	Ovary	3	2	19	6	13	       0.0479977	      -5.0512192	      -4.7412782	       0.4433588	      -4.9138041
Women	20-34	Ovary	4	3	19	8	11	       0.0463619	      -4.7759533	      -4.3110418	       0.4992632	      -4.5438401
Women	20-34	Pancreas	1	0	19	2	17	       1.1952238	      -2.4561646	      -2.4561646	       0.0000000	      -2.4561646
Women	20-34	Pancreas	2	1	19	4	15	       1.0656882	      -2.2609363	      -2.1059658	       0.1083777	      -2.2441409
Women	20-34	Pancreas	3	2	19	6	13	       0.8674460	      -2.1568182	      -1.8468773	       0.7097038	      -1.9368519
Women	20-34	Pancreas	4	3	19	8	11	       0.5340627	      -2.3319172	      -1.8670058	       0.6256707	      -2.0410357
Women	20-34	Stomach	1	0	19	2	17	       1.0236259	      -2.6111469	      -2.6111469	       0.0000000	      -2.6111469
Women	20-34	Stomach	2	1	19	4	15	       0.7746892	      -2.5798504	      -2.4248799	       0.2431910	      -2.5421630
Women	20-34	Stomach	3	2	19	6	13	       0.7269235	      -2.3335502	      -2.0236092	       0.6301902	      -2.1382284
Women	20-34	Stomach	4	3	19	8	11	       0.6914094	      -2.0736984	      -1.6087870	       0.6301902	      -1.7807158
Women	20-34	Thyroid	1	0	19	2	17	       0.0405717	      -5.8391819	      -5.8391819	       0.0000000	      -5.8391819
Women	20-34	Thyroid	2	1	19	4	15	       0.0236364	      -6.0695246	      -5.9145541	       0.4174170	      -6.0048373
Women	20-34	Thyroid	3	2	19	6	13	       0.0211480	      -5.8708243	      -5.5608834	       0.4673027	      -5.7259881
Women	20-34	Thyroid	4	3	19	8	11	       0.0171561	      -5.7700786	      -5.3051672	       0.5568243	      -5.5112046
Women	35-49	Bladder	1	0	19	2	17	       0.3662792	      -3.6388575	      -3.6388575	       0.0000000	      -3.6388575
Women	35-49	Bladder	2	1	19	4	15	       0.3202712	      -3.4631442	      -3.3081737	       0.1256089	      -3.4436785
Women	35-49	Bladder	3	2	19	6	13	       0.2756133	      -3.3033725	      -2.9934316	       0.2967382	      -3.2114012
Women	35-49	Bladder	4	3	19	8	11	       0.2478945	      -3.0994274	      -2.6345160	       0.3501229	      -2.9366513
Women	35-49	Brain and CNS	1	0	19	2	17	       0.1021838	      -4.9154798	      -4.9154798	       0.0000000	      -4.9154798
Women	35-49	Brain and CNS	2	1	19	4	15	       0.0806002	      -4.8428112	      -4.6878408	       0.2112236	      -4.8100778
Women	35-49	Brain and CNS	3	2	19	6	13	       0.0579156	      -4.8633842	      -4.5534432	       0.3272961	      -4.7619417
Women	35-49	Brain and CNS	4	3	19	8	11	       0.0504370	      -4.6917046	      -4.2267932	       0.9211117	      -4.2634692
Women	35-49	Breast	1	0	19	2	17	       0.0199883	      -6.5471074	      -6.5471074	       0.0000000	      -6.5471074
Women	35-49	Breast	2	1	19	4	15	       0.0058908	      -7.4589143	      -7.3039438	       0.7052856	      -7.3496159
Women	35-49	Breast	3	2	19	6	13	       0.0036593	      -7.6250950	      -7.3151540	       0.8284117	      -7.3683363
Women	35-49	Breast	4	3	19	8	11	       0.0029794	      -7.5207098	      -7.0557984	       0.7294881	      -7.1815625
Women	35-49	Cervix	1	0	19	2	17	       0.0738531	      -5.2401757	      -5.2401757	       0.0000000	      -5.2401757
Women	35-49	Cervix	2	1	19	4	15	       0.0508071	      -5.3042771	      -5.1493066	       0.3120522	      -5.2559182
Women	35-49	Cervix	3	2	19	6	13	       0.0396963	      -5.2411140	      -4.9311731	       0.2909325	      -5.1509421
Women	35-49	Cervix	4	3	19	8	11	       0.0338768	      -5.0897004	      -4.6247890	       0.7088095	      -4.7601668
Women	35-49	Colorectum	1	0	19	2	17	       0.0278944	      -6.2138256	      -6.2138256	       0.0000000	      -6.2138256
Women	35-49	Colorectum	2	1	19	4	15	       0.0163168	      -6.4401173	      -6.2851468	       0.4150522	      -6.3757964
Women	35-49	Colorectum	3	2	19	6	13	       0.0140292	      -6.2812336	      -5.9712927	       0.2383627	      -6.2073553
Women	35-49	Colorectum	4	3	19	8	11	       0.0126055	      -6.0782978	      -5.6133864	       0.7921593	      -5.7100139
Women	35-49	Endometrium	1	0	19	2	17	       0.0758531	      -5.2134551	      -5.2134551	       0.0000000	      -5.2134551
Women	35-49	Endometrium	2	1	19	4	15	       0.0523053	      -5.2752151	      -5.1202446	       0.3104396	      -5.2271061
Women	35-49	Endometrium	3	2	19	6	13	       0.0483523	      -5.0438584	      -4.7339174	       0.3045488	      -4.9494662
Women	35-49	Endometrium	4	3	19	8	11	       0.0429214	      -4.8530606	      -4.3881492	       0.6490914	      -4.5512906
Women	35-49	Gallbladder	1	0	19	2	17	       0.2700132	      -3.9437824	      -3.9437824	       0.0000000	      -3.9437824
Women	35-49	Gallbladder	2	1	19	4	15	       0.2633821	      -3.6587066	      -3.5037361	       0.0245585	      -3.6549008
Women	35-49	Gallbladder	3	2	19	6	13	       0.2506025	      -3.3985032	      -3.0885623	       0.1008434	      -3.3672477
Women	35-49	Gallbladder	4	3	19	8	11	       0.2247489	      -3.1974467	      -2.7325353	       0.2914980	      -3.0619260
Women	35-49	Hodgkin Lymphoma	1	0	19	2	17	       0.3306974	      -3.7410496	      -3.7410496	       0.0000000	      -3.7410496
Women	35-49	Hodgkin Lymphoma	2	1	19	4	15	       0.1850574	      -4.0116464	      -3.8566759	       0.4404026	      -3.9433970
Women	35-49	Hodgkin Lymphoma	3	2	19	6	13	       0.1510986	      -3.9044390	      -3.5944981	       0.5038909	      -3.7482626
Women	35-49	Hodgkin Lymphoma	4	3	19	8	11	       0.1302950	      -3.7426290	      -3.2777176	       0.4881088	      -3.5157017
Women	35-49	Kidney	1	0	19	2	17	       0.1421891	      -4.5850957	      -4.5850957	       0.0000000	      -4.5850957
Women	35-49	Kidney	2	1	19	4	15	       0.1209200	      -4.4371829	      -4.2822124	       0.1495827	      -4.4140020
Women	35-49	Kidney	3	2	19	6	13	       0.0989263	      -4.3279959	      -4.0180550	       0.7033662	      -4.1099939
Women	35-49	Kidney	4	3	19	8	11	       0.0826041	      -4.1983707	      -3.7334592	       0.5719650	      -3.9324576
Women	35-49	Larynx	1	0	19	2	17	       1.1574403	      -2.4882871	      -2.4882871	       0.0000000	      -2.4882871
Women	35-49	Larynx	2	1	19	4	15	       1.0322836	      -2.2927836	      -2.1378131	       0.1081323	      -2.2760263
Women	35-49	Larynx	3	2	19	6	13	       0.9166458	      -2.1016502	      -1.7917093	       0.1737855	      -2.0477870
Women	35-49	Larynx	4	3	19	8	11	       0.8733484	      -1.8400959	      -1.3751845	       0.9382932	      -1.4038727
Women	35-49	Leukaemia	1	0	19	2	17	       0.0532386	      -5.5674695	      -5.5674695	       0.0000000	      -5.5674695
Women	35-49	Leukaemia	2	1	19	4	15	       0.0459183	      -5.4054482	      -5.2504777	       0.1374996	      -5.3841398
Women	35-49	Leukaemia	3	2	19	6	13	       0.0389362	      -5.2604463	      -4.9505053	       0.1780586	      -5.2052586
Women	35-49	Leukaemia	4	3	19	8	11	       0.0318229	      -5.1522456	      -4.6873342	       0.4116075	      -4.9608846
Women	35-49	Liver	1	0	19	2	17	       0.3610860	      -3.6531373	      -3.6531373	       0.0000000	      -3.6531373
Women	35-49	Liver	2	1	19	4	15	       0.2727830	      -3.6236358	      -3.4686654	       0.2445484	      -3.5857381
Women	35-49	Liver	3	2	19	6	13	       0.2283780	      -3.4913693	      -3.1814284	       0.3485129	      -3.3833509
Women	35-49	Liver	4	3	19	8	11	       0.2161342	      -3.2365308	      -2.7716194	       0.2114448	      -3.1382277
Women	35-49	Lung	1	0	19	2	17	       0.0650584	      -5.3669674	      -5.3669674	       0.0000000	      -5.3669674
Women	35-49	Lung	2	1	19	4	15	       0.0636225	      -5.0793459	      -4.9243755	       0.0220722	      -5.0759254
Women	35-49	Lung	3	2	19	6	13	       0.0592557	      -4.8405096	      -4.5305687	       0.5602834	      -4.6668549
Women	35-49	Lung	4	3	19	8	11	       0.0565392	      -4.5774957	      -4.1125843	       0.5602834	      -4.3170136
Women	35-49	Melanoma	1	0	19	2	17	       0.0899077	      -5.0434703	      -5.0434703	       0.0000000	      -5.0434703
Women	35-49	Melanoma	2	1	19	4	15	       0.0390526	      -5.5674039	      -5.4124334	       0.5656370	      -5.4797469
Women	35-49	Melanoma	3	2	19	6	13	       0.0325368	      -5.4399986	      -5.1300576	       0.5658837	      -5.2646081
Women	35-49	Melanoma	4	3	19	8	11	       0.0275602	      -5.2960566	      -4.8311451	       0.3909822	      -5.1142845
Women	35-49	MultipleMyeloma	1	0	19	2	17	       0.2253419	      -4.1246344	      -4.1246344	       0.0000000	      -4.1246344
Women	35-49	MultipleMyeloma	2	1	19	4	15	       0.1598135	      -4.1583048	      -4.0033343	       0.2907955	      -4.1132401
Women	35-49	MultipleMyeloma	3	2	19	6	13	       0.1133443	      -4.1919416	      -3.8820007	       0.5129117	      -4.0329693
Women	35-49	MultipleMyeloma	4	3	19	8	11	       0.0958268	      -4.0498885	      -3.5849771	       0.7227360	      -3.7138803
Women	35-49	Non-Hodgkin Lymphoma	1	0	19	2	17	       0.1171391	      -4.7788908	      -4.7788908	       0.0000000	      -4.7788908
Women	35-49	Non-Hodgkin Lymphoma	2	1	19	4	15	       0.0722365	      -4.9523670	      -4.7973965	       0.3833274	      -4.8929625
Women	35-49	Non-Hodgkin Lymphoma	3	2	19	6	13	       0.0630576	      -4.7783226	      -4.4683817	       0.3471261	      -4.6707340
Women	35-49	Non-Hodgkin Lymphoma	4	3	19	8	11	       0.0527954	      -4.6460059	      -4.1810945	       0.5791746	      -4.3767410
Women	35-49	Oesophagus	1	0	19	2	17	       0.2960039	      -3.8518806	      -3.8518806	       0.0000000	      -3.8518806
Women	35-49	Oesophagus	2	1	19	4	15	       0.2672380	      -3.6441729	      -3.4892024	       0.0971810	      -3.6291127
Women	35-49	Oesophagus	3	2	19	6	13	       0.2576108	      -3.3709214	      -3.0609805	       0.3096521	      -3.2749476
Women	35-49	Oesophagus	4	3	19	8	11	       0.2401389	      -3.1312128	      -2.6663014	       0.7555202	      -2.7799628
Women	35-49	Oral	1	0	19	2	17	       0.1254745	      -4.7101505	      -4.7101505	       0.0000000	      -4.7101505
Women	35-49	Oral	2	1	19	4	15	       0.1109942	      -4.5228348	      -4.3678643	       0.1154049	      -4.5049505
Women	35-49	Oral	3	2	19	6	13	       0.0780152	      -4.5654679	      -4.2555269	       0.5591624	      -4.3921606
Women	35-49	Oral	4	3	19	8	11	       0.0702641	      -4.3601688	      -3.8952574	       0.7810368	      -3.9970559
Women	35-49	Ovary	1	0	19	2	17	       0.0348096	      -5.9923589	      -5.9923589	       0.0000000	      -5.9923589
Women	35-49	Ovary	2	1	19	4	15	       0.0169488	      -6.4021127	      -6.2471422	       0.5130991	      -6.3225975
Women	35-49	Ovary	3	2	19	6	13	       0.0097583	      -6.6442557	      -6.3343148	       0.6926453	      -6.4295766
Women	35-49	Ovary	4	3	19	8	11	       0.0084360	      -6.4799263	      -6.0150149	       0.7320934	      -6.1395677
Women	35-49	Pancreas	1	0	19	2	17	       0.1609767	      -4.4609936	      -4.4609936	       0.0000000	      -4.4609936
Women	35-49	Pancreas	2	1	19	4	15	       0.1279960	      -4.3803131	      -4.2253426	       0.2048786	      -4.3485630
Women	35-49	Pancreas	3	2	19	6	13	       0.0920717	      -4.3998039	      -4.0898630	       0.5385222	      -4.2328938
Women	35-49	Pancreas	4	3	19	8	11	       0.0903686	      -4.1085334	      -3.6436220	       0.8655787	      -3.7061160
Women	35-49	Stomach	1	0	19	2	17	       0.1802013	      -4.3481785	      -4.3481785	       0.0000000	      -4.3481785
Women	35-49	Stomach	2	1	19	4	15	       0.1456581	      -4.2510501	      -4.0960796	       0.1916923	      -4.2213435
Women	35-49	Stomach	3	2	19	6	13	       0.1376469	      -3.9976798	      -3.6877388	       0.3028955	      -3.9038000
Women	35-49	Stomach	4	3	19	8	11	       0.1215719	      -3.8119243	      -3.3470128	       0.5914701	      -3.5369431
Women	35-49	Thyroid	1	0	19	2	17	       0.1104778	      -4.8374383	      -4.8374383	       0.0000000	      -4.8374383
Women	35-49	Thyroid	2	1	19	4	15	       0.0466804	      -5.3889878	      -5.2340173	       0.5774681	      -5.2994973
Women	35-49	Thyroid	3	2	19	6	13	       0.0445494	      -5.1257738	      -4.8158328	       0.5803872	      -4.9458880
Women	35-49	Thyroid	4	3	19	8	11	       0.0346394	      -5.0674395	      -4.6025281	       0.4573876	      -4.8547948
Women	50-64	Bladder	1	0	19	2	17	       0.1028615	      -4.9088697	      -4.9088697	       0.0000000	      -4.9088697
Women	50-64	Bladder	2	1	19	4	15	       0.0907279	      -4.7244475	      -4.5694770	       0.1179608	      -4.7061671
Women	50-64	Bladder	3	2	19	6	13	       0.0534323	      -4.9439553	      -4.6340143	       0.6655601	      -4.7376709
Women	50-64	Bladder	4	3	19	8	11	       0.0525003	      -4.6516121	      -4.1867007	       0.6655601	      -4.3421856
Women	50-64	Brain and CNS	1	0	19	2	17	       0.0462049	      -5.7091676	      -5.7091676	       0.0000000	      -5.7091676
Women	50-64	Brain and CNS	2	1	19	4	15	       0.0256098	      -5.9893375	      -5.8343671	       0.4457342	      -5.9202619
Women	50-64	Brain and CNS	3	2	19	6	13	       0.0188343	      -5.9866935	      -5.6767526	       0.5917235	      -5.8032942
Women	50-64	Brain and CNS	4	3	19	8	11	       0.0145981	      -5.9315386	      -5.4666272	       0.5917235	      -5.6564396
Women	50-64	Breast	1	0	19	2	17	       0.0057966	      -7.7849733	      -7.7849733	       0.0000000	      -7.7849733
Women	50-64	Breast	2	1	19	4	15	       0.0051860	      -7.5863502	      -7.4313797	       0.1053458	      -7.5700247
Women	50-64	Breast	3	2	19	6	13	       0.0039006	      -7.5612481	      -7.2513071	       0.8081890	      -7.3107572
Women	50-64	Breast	4	3	19	8	11	       0.0035012	      -7.3593372	      -6.8944257	       0.8081890	      -6.9836008
Women	50-64	Cervix	1	0	19	2	17	       0.0799799	      -5.1604774	      -5.1604774	       0.0000000	      -5.1604774
Women	50-64	Cervix	2	1	19	4	15	       0.0359503	      -5.6501757	      -5.4952053	       0.5505090	      -5.5648631
Women	50-64	Cervix	3	2	19	6	13	       0.0279131	      -5.5932756	      -5.2833347	       0.4871893	      -5.4422757
Women	50-64	Cervix	4	3	19	8	11	       0.0225378	      -5.4972377	      -5.0323263	       0.6254361	      -5.2064653
Women	50-64	Colorectum	1	0	19	2	17	       0.0384366	      -5.8932444	      -5.8932444	       0.0000000	      -5.8932444
Women	50-64	Colorectum	2	1	19	4	15	       0.0172171	      -6.3864089	      -6.2314384	       0.5520643	      -6.3008552
Women	50-64	Colorectum	3	2	19	6	13	       0.0104902	      -6.5719286	      -6.2619876	       0.6596850	      -6.3674652
Women	50-64	Colorectum	4	3	19	8	11	       0.0083671	      -6.4881190	      -6.0232075	       0.6919317	      -6.1664320
Women	50-64	Endometrium	1	0	19	2	17	       0.0488357	      -5.6537923	      -5.6537923	       0.0000000	      -5.6537923
Women	50-64	Endometrium	2	1	19	4	15	       0.0103044	      -6.8997423	      -6.7447718	       0.7889987	      -6.7774707
Women	50-64	Endometrium	3	2	19	6	13	       0.0093273	      -6.6894254	      -6.3794845	       0.6629957	      -6.4839359
Women	50-64	Endometrium	4	3	19	8	11	       0.0092827	      -6.3842748	      -5.9193634	       0.6391209	      -6.0871402
Women	50-64	Gallbladder	1	0	19	2	17	       0.1717452	      -4.3962410	      -4.3962410	       0.0000000	      -4.3962410
Women	50-64	Gallbladder	2	1	19	4	15	       0.1260555	      -4.3955899	      -4.2406194	       0.2660320	      -4.3543628
Women	50-64	Gallbladder	3	2	19	6	13	       0.1150836	      -4.1767122	      -3.8667712	       0.2583999	      -4.0966234
Women	50-64	Gallbladder	4	3	19	8	11	       0.1139030	      -3.8770829	      -3.4121715	       0.2583999	      -3.7569498
Women	50-64	Hodgkin Lymphoma	1	0	19	2	17	       0.3109085	      -3.8027547	      -3.8027547	       0.0000000	      -3.8027547
Women	50-64	Hodgkin Lymphoma	2	1	19	4	15	       0.1845505	      -4.0143893	      -3.8594188	       0.4064154	      -3.9514069
Women	50-64	Hodgkin Lymphoma	3	2	19	6	13	       0.1452114	      -3.9441810	      -3.6342401	       0.3468638	      -3.8366737
Women	50-64	Hodgkin Lymphoma	4	3	19	8	11	       0.1316518	      -3.7322697	      -3.2673583	       0.4109325	      -3.5412225
Women	50-64	Kidney	1	0	19	2	17	       0.0805371	      -5.1535359	      -5.1535359	       0.0000000	      -5.1535359
Women	50-64	Kidney	2	1	19	4	15	       0.0223088	      -6.1273312	      -5.9723608	       0.7229996	      -6.0152876
Women	50-64	Kidney	3	2	19	6	13	       0.0134919	      -6.3202822	      -6.0103412	       0.7333872	      -6.0929754
Women	50-64	Kidney	4	3	19	8	11	       0.0133688	      -6.0195046	      -5.5545932	       0.7333872	      -5.6785445
Women	50-64	Larynx	1	0	19	2	17	       0.1436819	      -4.5746512	      -4.5746512	       0.0000000	      -4.5746512
Women	50-64	Larynx	2	1	19	4	15	       0.1082601	      -4.5477761	      -4.3928057	       0.2465298	      -4.5095713
Women	50-64	Larynx	3	2	19	6	13	       0.0988349	      -4.3289205	      -4.0189795	       0.2203385	      -4.2606286
Women	50-64	Larynx	4	3	19	8	11	       0.0899843	      -4.1127948	      -3.6478834	       0.4605699	      -3.8986706
Women	50-64	Leukaemia	1	0	19	2	17	       0.1021217	      -4.9160882	      -4.9160882	       0.0000000	      -4.9160882
Women	50-64	Leukaemia	2	1	19	4	15	       0.0454041	      -5.4167097	      -5.2617393	       0.5553921	      -5.3306404
Women	50-64	Leukaemia	3	2	19	6	13	       0.0404463	      -5.2223960	      -4.9124551	       0.5355532	      -5.0564062
Women	50-64	Leukaemia	4	3	19	8	11	       0.0360185	      -5.0283988	      -4.5634874	       0.4460688	      -4.8210163
Women	50-64	Liver	1	0	19	2	17	       0.1677724	      -4.4196450	      -4.4196450	       0.0000000	      -4.4196450
Women	50-64	Liver	2	1	19	4	15	       0.0840918	      -4.8004032	      -4.6454327	       0.4987745	      -4.7231078
Women	50-64	Liver	3	2	19	6	13	       0.0417831	      -5.1898803	      -4.8799393	       0.7972394	      -4.9427831
Women	50-64	Liver	4	3	19	8	11	       0.0353145	      -5.0481358	      -4.5832243	       0.9507236	      -4.6061335
Women	50-64	Lung	1	0	19	2	17	       0.0475192	      -5.6811186	      -5.6811186	       0.0000000	      -5.6811186
Women	50-64	Lung	2	1	19	4	15	       0.0054423	      -7.5381018	      -7.3831314	       0.8854707	      -7.4008800
Women	50-64	Lung	3	2	19	6	13	       0.0034365	      -7.6879283	      -7.3779873	       0.8666263	      -7.4193253
Women	50-64	Lung	4	3	19	8	11	       0.0019404	      -7.9495519	      -7.4846404	       0.8926063	      -7.5345690
Women	50-64	Melanoma	1	0	19	2	17	       0.0401979	      -5.8484396	      -5.8484396	       0.0000000	      -5.8484396
Women	50-64	Melanoma	2	1	19	4	15	       0.0137987	      -6.6077352	      -6.4527647	       0.6567295	      -6.5059615
Women	50-64	Melanoma	3	2	19	6	13	       0.0130936	      -6.3502452	      -6.0403042	       0.6555960	      -6.1470491
Women	50-64	Melanoma	4	3	19	8	11	       0.0121649	      -6.1138767	      -5.6489653	       0.6127257	      -5.8290136
Women	50-64	MultipleMyeloma	1	0	19	2	17	       0.0515892	      -5.5989409	      -5.5989409	       0.0000000	      -5.5989409
Women	50-64	MultipleMyeloma	2	1	19	4	15	       0.0500472	      -5.3193455	      -5.1643750	       0.0298897	      -5.3147134
Women	50-64	MultipleMyeloma	3	2	19	6	13	       0.0411634	      -5.2048209	      -4.8948799	       0.2915417	      -5.1144602
Women	50-64	MultipleMyeloma	4	3	19	8	11	       0.0382105	      -4.9693190	      -4.5044076	       0.2915417	      -4.8337779
Women	50-64	Non-Hodgkin Lymphoma	1	0	19	2	17	       0.0848557	      -5.1013011	      -5.1013011	       0.0000000	      -5.1013011
Women	50-64	Non-Hodgkin Lymphoma	2	1	19	4	15	       0.0174016	      -6.3757501	      -6.2207796	       0.7949271	      -6.2525598
Women	50-64	Non-Hodgkin Lymphoma	3	2	19	6	13	       0.0120838	      -6.4305060	      -6.1205651	       0.8086646	      -6.1798678
Women	50-64	Non-Hodgkin Lymphoma	4	3	19	8	11	       0.0111424	      -6.2016684	      -5.7367569	       0.8269482	      -5.8172107
Women	50-64	Oesophagus	1	0	19	2	17	       0.0873820	      -5.0719642	      -5.0719642	       0.0000000	      -5.0719642
Women	50-64	Oesophagus	2	1	19	4	15	       0.0388795	      -5.5718441	      -5.4168736	       0.5550622	      -5.4858258
Women	50-64	Oesophagus	3	2	19	6	13	       0.0334129	      -5.4134288	      -5.1034879	       0.5683539	      -5.2372726
Women	50-64	Oesophagus	4	3	19	8	11	       0.0240539	      -5.4321350	      -4.9672236	       0.7884501	      -5.0655755
Women	50-64	Oral	1	0	19	2	17	       0.0505130	      -5.6200232	      -5.6200232	       0.0000000	      -5.6200232
Women	50-64	Oral	2	1	19	4	15	       0.0230823	      -6.0932450	      -5.9382746	       0.5430416	      -6.0090896
Women	50-64	Oral	3	2	19	6	13	       0.0154808	      -6.1827712	      -5.8728302	       0.7668885	      -5.9450810
Women	50-64	Oral	4	3	19	8	11	       0.0146818	      -5.9258229	      -5.4609115	       0.7931593	      -5.5570741
Women	50-64	Ovary	1	0	19	2	17	       0.0132701	      -6.9567421	      -6.9567421	       0.0000000	      -6.9567421
Women	50-64	Ovary	2	1	19	4	15	       0.0112301	      -6.8137177	      -6.6587473	       0.1537298	      -6.7898942
Women	50-64	Ovary	3	2	19	6	13	       0.0103111	      -6.5891550	      -6.2792140	       0.1566561	      -6.5406008
Women	50-64	Ovary	4	3	19	8	11	       0.0071296	      -6.6481761	      -6.1832646	       0.6598175	      -6.3414194
Women	50-64	Pancreas	1	0	19	2	17	       0.0682100	      -5.3196626	      -5.3196626	       0.0000000	      -5.3196626
Women	50-64	Pancreas	2	1	19	4	15	       0.0481317	      -5.3583717	      -5.2034012	       0.2943600	      -5.3127546
Women	50-64	Pancreas	3	2	19	6	13	       0.0465882	      -5.0810240	      -4.7710831	       0.3596799	      -4.9695445
Women	50-64	Pancreas	4	3	19	8	11	       0.0401059	      -4.9209065	      -4.4559950	       0.7510230	      -4.5717473
Women	50-64	Stomach	1	0	19	2	17	       0.0740629	      -5.2373391	      -5.2373391	       0.0000000	      -5.2373391
Women	50-64	Stomach	2	1	19	4	15	       0.0501834	      -5.3166284	      -5.1616579	       0.3224217	      -5.2666625
Women	50-64	Stomach	3	2	19	6	13	       0.0458312	      -5.0974066	      -4.7874656	       0.2342840	      -5.0247924
Women	50-64	Stomach	4	3	19	8	11	       0.0376288	      -4.9846596	      -4.5197482	       0.5325372	      -4.7370770
Women	50-64	Thyroid	1	0	19	2	17	       0.0963312	      -4.9744613	      -4.9744613	       0.0000000	      -4.9744613
Women	50-64	Thyroid	2	1	19	4	15	       0.0679207	      -5.0139715	      -4.8590010	       0.2949250	      -4.9682668
Women	50-64	Thyroid	3	2	19	6	13	       0.0494077	      -5.0222661	      -4.7123252	       0.4278472	      -4.8896587
Women	50-64	Thyroid	4	3	19	8	11	       0.0450222	      -4.8052744	      -4.3403630	       0.4429833	      -4.5993264
Women	65+	Bladder	1	0	19	2	17	       0.0199434	      -6.5493575	      -6.5493575	       0.0000000	      -6.5493575
Women	65+	Bladder	2	1	19	4	15	       0.0102825	      -6.9018647	      -6.7468942	       0.4844125	      -6.8267950
Women	65+	Bladder	3	2	19	6	13	       0.0073994	      -6.9209662	      -6.6110252	       0.6008568	      -6.7347360
Women	65+	Bladder	4	3	19	8	11	       0.0059559	      -6.8280506	      -6.3631391	       0.6778798	      -6.5128965
Women	65+	Brain and CNS	1	0	19	2	17	       0.0525508	      -5.5804722	      -5.5804722	       0.0000000	      -5.5804722
Women	65+	Brain and CNS	2	1	19	4	15	       0.0238666	      -6.0598329	      -5.9048624	       0.5458381	      -5.9752441
Women	65+	Brain and CNS	3	2	19	6	13	       0.0174546	      -6.0627673	      -5.7528263	       0.7132801	      -5.8416926
Women	65+	Brain and CNS	4	3	19	8	11	       0.0160040	      -5.8395946	      -5.3746831	       0.6082592	      -5.5568079
Women	65+	Breast	1	0	19	2	17	       0.0169504	      -6.7119603	      -6.7119603	       0.0000000	      -6.7119603
Women	65+	Breast	2	1	19	4	15	       0.0094076	      -6.9907940	      -6.8358236	       0.4449933	      -6.9218332
Women	65+	Breast	3	2	19	6	13	       0.0070946	      -6.9630416	      -6.6531007	       0.3235489	      -6.8627606
Women	65+	Breast	4	3	19	8	11	       0.0050993	      -6.9833276	      -6.5184162	       0.8279418	      -6.5984080
Women	65+	Cervix	1	0	19	2	17	       0.0548645	      -5.5373866	      -5.5373866	       0.0000000	      -5.5373866
Women	65+	Cervix	2	1	19	4	15	       0.0370433	      -5.6202241	      -5.4652536	       0.3248217	      -5.5698863
Women	65+	Cervix	3	2	19	6	13	       0.0334622	      -5.4119539	      -5.1020129	       0.2791201	      -5.3254431
Women	65+	Cervix	4	3	19	8	11	       0.0276277	      -5.2936107	      -4.8286992	       0.4635571	      -5.0780977
Women	65+	Colorectum	1	0	19	2	17	       0.0187659	      -6.6102131	      -6.6102131	       0.0000000	      -6.6102131
Women	65+	Colorectum	2	1	19	4	15	       0.0039703	      -7.8534708	      -7.6985003	       0.7884301	      -7.7312874
Women	65+	Colorectum	3	2	19	6	13	       0.0015371	      -8.4925037	      -8.1825627	       0.9196864	      -8.2074552
Women	65+	Colorectum	4	3	19	8	11	       0.0013487	      -8.3132732	      -7.8483618	       0.7301569	      -7.9738150
Women	65+	Endometrium	1	0	19	2	17	       0.0312251	      -6.1010296	      -6.1010296	       0.0000000	      -6.1010296
Women	65+	Endometrium	2	1	19	4	15	       0.0053993	      -7.5460388	      -7.3910683	       0.8270842	      -7.4178651
Women	65+	Endometrium	3	2	19	6	13	       0.0050312	      -7.3067037	      -6.9967627	       0.7816643	      -7.0644339
Women	65+	Endometrium	4	3	19	8	11	       0.0048301	      -7.0375726	      -6.5726612	       0.8110986	      -6.6604836
Women	65+	Gallbladder	1	0	19	2	17	       0.0558504	      -5.5195770	      -5.5195770	       0.0000000	      -5.5195770
Women	65+	Gallbladder	2	1	19	4	15	       0.0477031	      -5.3673168	      -5.2123463	       0.1458776	      -5.3447101
Women	65+	Gallbladder	3	2	19	6	13	       0.0312591	      -5.4800617	      -5.1701208	       0.7267897	      -5.2547998
Women	65+	Gallbladder	4	3	19	8	11	       0.0264406	      -5.3375316	      -4.8726201	       0.5493110	      -5.0821506
Women	65+	Hodgkin Lymphoma	1	0	19	2	17	       0.1475113	      -4.5483485	      -4.5483485	       0.0000000	      -4.5483485
Women	65+	Hodgkin Lymphoma	2	1	19	4	15	       0.1174103	      -4.4666380	      -4.3116675	       0.2040592	      -4.4350148
Women	65+	Hodgkin Lymphoma	3	2	19	6	13	       0.0889833	      -4.4339229	      -4.1239820	       0.8221761	      -4.1790969
Women	65+	Hodgkin Lymphoma	4	3	19	8	11	       0.0636694	      -4.4587264	      -3.9938150	       0.8221761	      -4.0764874
Women	65+	Kidney	1	0	19	2	17	       0.0712878	      -5.2755287	      -5.2755287	       0.0000000	      -5.2755287
Women	65+	Kidney	2	1	19	4	15	       0.0140632	      -6.5887479	      -6.4337774	       0.8027257	      -6.4643491
Women	65+	Kidney	3	2	19	6	13	       0.0134559	      -6.3229537	      -6.0130128	       0.6654705	      -6.1166972
Women	65+	Kidney	4	3	19	8	11	       0.0127042	      -6.0704976	      -5.6055862	       0.7680944	      -5.7134017
Women	65+	Larynx	1	0	19	2	17	       0.1173513	      -4.7770817	      -4.7770817	       0.0000000	      -4.7770817
Women	65+	Larynx	2	1	19	4	15	       0.1075657	      -4.5542102	      -4.3992397	       0.0833865	      -4.5412877
Women	65+	Larynx	3	2	19	6	13	       0.0666858	      -4.7223800	      -4.4124391	       0.9180331	      -4.4378440
Women	65+	Larynx	4	3	19	8	11	       0.0625109	      -4.4770889	      -4.0121775	       0.9180331	      -4.0502848
Women	65+	Leukaemia	1	0	19	2	17	       0.0755404	      -5.2175863	      -5.2175863	       0.0000000	      -5.2175863
Women	65+	Leukaemia	2	1	19	4	15	       0.0216965	      -6.1551628	      -6.0001923	       0.7127831	      -6.0447024
Women	65+	Leukaemia	3	2	19	6	13	       0.0149253	      -6.2193153	      -5.9093744	       0.7899527	      -5.9744766
Women	65+	Leukaemia	4	3	19	8	11	       0.0118147	      -6.1430857	      -5.6781743	       0.6248868	      -5.8525687
Women	65+	Liver	1	0	19	2	17	       0.0818850	      -5.1369379	      -5.1369379	       0.0000000	      -5.1369379
Women	65+	Liver	2	1	19	4	15	       0.0404949	      -5.5311361	      -5.3761656	       0.5054659	      -5.4528038
Women	65+	Liver	3	2	19	6	13	       0.0304895	      -5.5049902	      -5.1950493	       0.5857470	      -5.3234432
Women	65+	Liver	4	3	19	8	11	       0.0248500	      -5.3995725	      -4.9346611	       0.6718695	      -5.0872127
Women	65+	Lung	1	0	19	2	17	       0.0116109	      -7.0903051	      -7.0903051	       0.0000000	      -7.0903051
Women	65+	Lung	2	1	19	4	15	       0.0032886	      -8.0418503	      -7.8868798	       0.7167676	      -7.9307725
Women	65+	Lung	3	2	19	6	13	       0.0025989	      -7.9672856	      -7.6573447	       0.7624277	      -7.7309781
Women	65+	Lung	4	3	19	8	11	       0.0018969	      -7.9722143	      -7.5073029	       0.6106976	      -7.6882940
Women	65+	Melanoma	1	0	19	2	17	       0.0281959	      -6.2030781	      -6.2030781	       0.0000000	      -6.2030781
Women	65+	Melanoma	2	1	19	4	15	       0.0061430	      -7.4170013	      -7.2620309	       0.7821317	      -7.2957940
Women	65+	Melanoma	3	2	19	6	13	       0.0055683	      -7.2052758	      -6.8953349	       0.4269627	      -7.0729426
Women	65+	Melanoma	4	3	19	8	11	       0.0055108	      -6.9057137	      -6.4408023	       0.7544578	      -6.5549577
Women	65+	MultipleMyeloma	1	0	19	2	17	       0.0513365	      -5.6038514	      -5.6038514	       0.0000000	      -5.6038514
Women	65+	MultipleMyeloma	2	1	19	4	15	       0.0457434	      -5.4092645	      -5.2542940	       0.1089493	      -5.3923806
Women	65+	MultipleMyeloma	3	2	19	6	13	       0.0260056	      -5.6640601	      -5.3541192	       0.5868887	      -5.4821592
Women	65+	MultipleMyeloma	4	3	19	8	11	       0.0221219	      -5.5158635	      -5.0509520	       0.7325040	      -5.1753140
Women	65+	Non-Hodgkin Lymphoma	1	0	19	2	17	       0.0600443	      -5.4471714	      -5.4471714	       0.0000000	      -5.4471714
Women	65+	Non-Hodgkin Lymphoma	2	1	19	4	15	       0.0097126	      -6.9588876	      -6.8039171	       0.8382426	      -6.8289847
Women	65+	Non-Hodgkin Lymphoma	3	2	19	6	13	       0.0082678	      -6.8100025	      -6.5000615	       0.7255041	      -6.5851390
Women	65+	Non-Hodgkin Lymphoma	4	3	19	8	11	       0.0067367	      -6.7048536	      -6.2399422	       0.4798990	      -6.4817431
Women	65+	Oesophagus	1	0	19	2	17	       0.0095555	      -7.2851386	      -7.2851386	       0.0000000	      -7.2851386
Women	65+	Oesophagus	2	1	19	4	15	       0.0077488	      -7.1847783	      -7.0298078	       0.1890758	      -7.1554771
Women	65+	Oesophagus	3	2	19	6	13	       0.0069282	      -6.9867679	      -6.6768270	       0.5978102	      -6.8014821
Women	65+	Oesophagus	4	3	19	8	11	       0.0062849	      -6.7742842	      -6.3093728	       0.5978102	      -6.4963555
Women	65+	Oral	1	0	19	2	17	       0.0226252	      -6.4231881	      -6.4231881	       0.0000000	      -6.4231881
Women	65+	Oral	2	1	19	4	15	       0.0120169	      -6.7459992	      -6.5910288	       0.4688720	      -6.6733379
Women	65+	Oral	3	2	19	6	13	       0.0093020	      -6.6921439	      -6.3822030	       0.9195666	      -6.4071326
Women	65+	Oral	4	3	19	8	11	       0.0079143	      -6.5437646	      -6.0788532	       0.9185055	      -6.1167410
Women	65+	Ovary	1	0	19	2	17	       0.0124127	      -7.0235342	      -7.0235342	       0.0000000	      -7.0235342
Women	65+	Ovary	2	1	19	4	15	       0.0075305	      -7.2133451	      -7.0583746	       0.3933189	      -7.1523923
Women	65+	Ovary	3	2	19	6	13	       0.0059933	      -7.1317365	      -6.8217955	       0.4396306	      -6.9954770
Women	65+	Ovary	4	3	19	8	11	       0.0048792	      -7.0274475	      -6.5625361	       0.5194976	      -6.7859272
Women	65+	Pancreas	1	0	19	2	17	       0.0141775	      -6.8905978	      -6.8905978	       0.0000000	      -6.8905978
Women	65+	Pancreas	2	1	19	4	15	       0.0055931	      -7.5107723	      -7.3558019	       0.6054920	      -7.4169389
Women	65+	Pancreas	3	2	19	6	13	       0.0047493	      -7.3643759	      -7.0544349	       0.4932143	      -7.2115086
Women	65+	Pancreas	4	3	19	8	11	       0.0041430	      -7.1910162	      -6.7261048	       0.6839496	      -6.8730402
Women	65+	Stomach	1	0	19	2	17	       0.0224522	      -6.4308668	      -6.4308668	       0.0000000	      -6.4308668
Women	65+	Stomach	2	1	19	4	15	       0.0155483	      -6.4883622	      -6.3333918	       0.3074927	      -6.4407100
Women	65+	Stomach	3	2	19	6	13	       0.0090137	      -6.7236254	      -6.4136845	       0.6460903	      -6.5233756
Women	65+	Stomach	4	3	19	8	11	       0.0071798	      -6.6411554	      -6.1762440	       0.7017971	      -6.3148819
Women	65+	Thyroid	1	0	19	2	17	       0.0432231	      -5.7758776	      -5.7758776	       0.0000000	      -5.7758776
Women	65+	Thyroid	2	1	19	4	15	       0.0282133	      -5.8925193	      -5.7375488	       0.3472641	      -5.8387036
Women	65+	Thyroid	3	2	19	6	13	       0.0221667	      -5.8237814	      -5.5138404	       0.3091333	      -5.7279683
Women	65+	Thyroid	4	3	19	8	11	       0.0174794	      -5.7514083	      -5.2864969	       0.8112403	      -5.3742534
