"age_group"	"sex"	"level"	"Model"	"#Obs"	"#Param"	"DF"	"SSE"	"MSE"	"Auto Corr"	"Segment"	"Joinpoint"	"Joinpoint 95% LCL"	"Joinpoint 95% UCL"	"Intercept Estimate"	"Intercept Std Error"	"Intercept Test Statistic"	"Intercept P-Value"	"Slope Estimate"	"Slope Std Error"	"Slope Test Statistic"	"Slope P-Value"	"SlopeChg Estimate"	"SlopeChg Std Error"	"SlopeChg Test Statistic"	"SlopeChg P-Value"	"Covar-Int vs Int"	"Covar-Int vs Slope"	"Covar-Slope vs Slope"	"Corr-Int vs Int"	"Corr-Int vs Slope"	"Corr-Slope vs Slope"
11-15 years	All children	Obese	2	25	6	19	0.157076	0.008267	Uncorrelated	0	NA	NA	NA	-99.712812	22.527993	-4.426174	0.000370	0.051317	0.011270	4.553548	0.000282	NA	NA	NA	NA	507.510474	0.000000	0.015241	1.000000	0.000000	1.000000
11-15 years	All children	Obese	2	25	6	19	0.157076	0.008267	Uncorrelated	1	2004	2001	2006	166.454338	247.584043	0.672314	0.510419	-0.081501	0.123453	-0.660182	0.517983	-0.132818	0.123966	-1.071408	0.298962	0.000127	0.000000	216.042132	1.000000	0.000000	1.000000
11-15 years	All children	Obese	2	25	6	19	0.157076	0.008267	Uncorrelated	2	2007	2005	2016	-28.744990	14.698372	-1.955658	0.067146	0.015758	0.007300	2.158671	0.045464	0.097259	0.123668	0.786453	0.442428	61297.858486	0.000000	0.000053	1.000000	0.000000	1.000000
11-15 years	All children	Overweight	0	25	2	23	0.122706	0.005335	Uncorrelated	0	NA	NA	NA	-1.174182	4.065816	-0.288794	0.775326	0.001937	0.002026	0.956214	0.348908	NA	NA	NA	NA	16.530856	-0.008236	0.000004	1.000000	-0.999994	1.000000
11-15 years	All children	Overweight including obese	2	25	6	19	0.047776	0.002515	Uncorrelated	0	NA	NA	NA	-63.786775	11.818415	-5.397236	0.000048	0.033649	0.005912	5.691427	0.000027	NA	NA	NA	NA	139.674924	0.000000	0.004194	1.000000	0.000000	1.000000
11-15 years	All children	Overweight including obese	2	25	6	19	0.047776	0.002515	Uncorrelated	1	2004	2001	2006	92.288919	129.885110	0.710543	0.487002	-0.044233	0.064764	-0.682990	0.503816	-0.077882	0.065034	-1.197564	0.247519	0.000035	0.000000	59.458218	1.000000	0.000000	1.000000
11-15 years	All children	Overweight including obese	2	25	6	19	0.047776	0.002515	Uncorrelated	2	2007	2005	2017	-10.797747	7.710916	-1.400320	0.179405	0.007130	0.003830	1.861837	0.080006	0.051364	0.064878	0.791700	0.439444	16870.141926	0.000000	0.000015	1.000000	0.000000	1.000000
11-15 years	Boys	Obese	1	25	4	21	0.229233	0.010916	Uncorrelated	0	NA	NA	NA	-131.795696	67.552132	-1.951022	0.065205	0.067375	0.033827	1.991770	0.060229	NA	NA	NA	NA	4563.290510	0.000000	81.103996	1.000000	0.000000	1.000000
11-15 years	Boys	Obese	1	25	4	21	0.229233	0.010916	Uncorrelated	1	2000	1997	2006	-13.264768	9.005776	-1.472918	0.156337	0.008110	0.004480	1.810017	0.085346	-0.059265	0.034122	-1.736858	0.097791	0.001144	0.000000	0.000020	1.000000	0.000000	1.000000
11-15 years	Boys	Overweight	0	25	2	23	0.401825	0.017471	Uncorrelated	0	NA	NA	NA	2.795984	7.357543	0.380016	0.707420	-0.000074	0.003666	-0.020095	0.984141	NA	NA	NA	NA	54.133437	-0.026972	0.000013	1.000000	-0.999994	1.000000
11-15 years	Boys	Overweight including obese	2	25	6	19	0.043336	0.002281	Uncorrelated	0	NA	NA	NA	-49.073657	12.442617	-3.943998	0.001047	0.026272	0.006224	4.220735	0.000575	NA	NA	NA	NA	154.818723	0.000000	0.000021	1.000000	0.000000	1.000000
11-15 years	Boys	Overweight including obese	2	25	6	19	0.043336	0.002281	Uncorrelated	1	2004	1998	2009	9.891750	9.240053	1.070530	0.299345	-0.003152	0.004597	-0.685713	0.502139	-0.029424	0.007738	-3.802532	0.001423	0.000039	0.000000	4733.264968	1.000000	0.000000	1.000000
11-15 years	Boys	Overweight including obese	2	25	6	19	0.043336	0.002281	Uncorrelated	2	2016	2005	2017	-96.948146	68.798728	-1.409156	0.176819	0.049844	0.034093	1.462013	0.161978	0.052996	0.034401	1.540533	0.141838	85.378579	0.000000	0.001162	1.000000	0.000000	1.000000
11-15 years	Girls	Obese	2	25	6	19	0.241123	0.012691	Uncorrelated	0	NA	NA	NA	-92.815232	27.777946	-3.341328	0.003869	0.047872	0.013896	3.445046	0.003091	NA	NA	NA	NA	771.614289	0.000000	0.002317	1.000000	0.000000	1.000000
11-15 years	Girls	Obese	2	25	6	19	0.241123	0.012691	Uncorrelated	1	2004	2001	2007	134.802217	96.586589	1.395662	0.180780	-0.065710	0.048137	-1.365056	0.190030	-0.113582	0.050102	-2.266988	0.036724	0.000193	0.000000	569.910524	1.000000	0.000000	1.000000
11-15 years	Girls	Obese	2	25	6	19	0.241123	0.012691	Uncorrelated	2	2009	2005	2015	-39.312388	23.872799	-1.646744	0.117970	0.020958	0.011850	1.768520	0.094913	0.086667	0.049574	1.748238	0.098457	9328.969172	0.000000	0.000140	1.000000	0.000000	1.000000
11-15 years	Girls	Overweight	0	25	2	23	0.237164	0.010311	Uncorrelated	0	NA	NA	NA	-4.596271	5.652474	-0.813143	0.424474	0.003670	0.002816	1.303201	0.205402	NA	NA	NA	NA	31.950460	-0.015919	0.000008	1.000000	-0.999994	1.000000
11-15 years	Girls	Overweight including obese	2	25	6	19	0.106633	0.005612	Uncorrelated	0	NA	NA	NA	-72.573663	17.188399	-4.222247	0.000573	0.038058	0.008598	4.426156	0.000370	NA	NA	NA	NA	295.441059	0.000000	0.008872	1.000000	0.000000	1.000000
11-15 years	Girls	Overweight including obese	2	25	6	19	0.106633	0.005612	Uncorrelated	1	2004	2001	2006	132.955774	188.901572	0.703836	0.491064	-0.064501	0.094192	-0.684787	0.502709	-0.102560	0.094583	-1.084330	0.293358	0.000074	0.000000	125.766303	1.000000	0.000000	1.000000
11-15 years	Girls	Overweight including obese	2	25	6	19	0.106633	0.005612	Uncorrelated	2	2007	2005	2012	-9.344193	11.214558	-0.833220	0.416274	0.006400	0.005570	1.149169	0.266398	0.070902	0.094356	0.751427	0.462672	35683.803929	0.000000	0.000031	1.000000	0.000000	1.000000
2-10 years	All children	Obese	1	25	4	21	0.186887	0.008899	Uncorrelated	0	NA	NA	NA	-87.076679	24.546462	-3.547423	0.002020	0.044824	0.012279	3.650364	0.001591	NA	NA	NA	NA	602.528781	0.000000	130.798468	1.000000	0.000000	1.000000
2-10 years	All children	Obese	1	25	4	21	0.186887	0.008899	Uncorrelated	1	2004	2000	2007	36.249541	11.436716	3.169576	0.004819	-0.016716	0.005684	-2.940744	0.008083	-0.061540	0.013531	-4.548011	0.000196	0.000151	0.000000	0.000032	1.000000	0.000000	1.000000
2-10 years	All children	Overweight	1	25	4	21	0.071428	0.003401	Uncorrelated	0	NA	NA	NA	-27.114109	18.379123	-1.475267	0.155711	0.014867	0.009196	1.616631	0.121623	NA	NA	NA	NA	337.792170	0.000000	42.272062	1.000000	0.000000	1.000000
2-10 years	All children	Overweight	1	25	4	21	0.071428	0.003401	Uncorrelated	1	2003	1998	2008	24.485278	6.501697	3.765983	0.001215	-0.010894	0.003232	-3.370335	0.003042	-0.025761	0.009748	-2.642719	0.015612	0.000085	0.000000	0.000010	1.000000	0.000000	1.000000
2-10 years	All children	Overweight including obese	1	25	4	21	0.073356	0.003493	Uncorrelated	0	NA	NA	NA	-62.309603	18.416125	-3.383426	0.002952	0.032805	0.009215	3.559950	0.001963	NA	NA	NA	NA	339.153660	0.000000	42.442442	1.000000	0.000000	1.000000
2-10 years	All children	Overweight including obese	1	25	4	21	0.073356	0.003493	Uncorrelated	1	2003	2000	2006	28.793999	6.514786	4.419792	0.000264	-0.012679	0.003239	-3.914690	0.000859	-0.045484	0.009768	-4.656596	0.000152	0.000085	0.000000	0.000010	1.000000	0.000000	1.000000
2-10 years	Boys	Obese	1	25	4	21	0.365395	0.017400	Uncorrelated	0	NA	NA	NA	-106.707549	41.549691	-2.568191	0.018344	0.054657	0.020790	2.628970	0.016085	NA	NA	NA	NA	1726.376862	0.000000	216.042632	1.000000	0.000000	1.000000
2-10 years	Boys	Obese	1	25	4	21	0.365395	0.017400	Uncorrelated	1	2003	1997	2007	25.923371	14.698389	1.763688	0.093056	-0.011559	0.007307	-1.581836	0.129373	-0.066216	0.022037	-3.004749	0.007001	0.000432	0.000000	0.000053	1.000000	0.000000	1.000000
2-10 years	Boys	Overweight	1	25	4	21	0.160312	0.007634	Uncorrelated	0	NA	NA	NA	-4.626810	10.679057	-0.433260	0.669463	0.003639	0.005334	0.682124	0.502985	NA	NA	NA	NA	114.042250	0.000000	539.129635	1.000000	0.000000	1.000000
2-10 years	Boys	Overweight	1	25	4	21	0.160312	0.007634	Uncorrelated	1	2010	1997	2017	54.112652	23.219165	2.330517	0.030360	-0.025585	0.011523	-2.220317	0.038115	-0.029224	0.012698	-2.301454	0.032250	0.000028	0.000000	0.000133	1.000000	0.000000	1.000000
2-10 years	Boys	Overweight including obese	1	25	4	21	0.137996	0.006571	Uncorrelated	0	NA	NA	NA	-64.414572	25.558260	-2.520304	0.020331	0.033876	0.012789	2.648887	0.015404	NA	NA	NA	NA	653.224644	0.000000	81.745982	1.000000	0.000000	1.000000
2-10 years	Boys	Overweight including obese	1	25	4	21	0.137996	0.006571	Uncorrelated	1	2003	1998	2007	27.892893	9.041348	3.085037	0.005840	-0.012209	0.004495	-2.716185	0.013298	-0.046085	0.013556	-3.399670	0.002844	0.000164	0.000000	0.000020	1.000000	0.000000	1.000000
2-10 years	Girls	Obese	1	25	4	21	0.349577	0.016647	Uncorrelated	0	NA	NA	NA	-74.456845	28.158908	-2.644167	0.015563	0.038498	0.014083	2.733645	0.012798	NA	NA	NA	NA	792.924101	0.000000	291.295633	1.000000	0.000000	1.000000
2-10 years	Girls	Obese	1	25	4	21	0.349577	0.016647	Uncorrelated	1	2005	2001	2012	54.232971	17.067385	3.177579	0.004732	-0.025687	0.008481	-3.028844	0.006631	-0.064184	0.016439	-3.904323	0.000880	0.000198	0.000000	0.000072	1.000000	0.000000	1.000000
2-10 years	Girls	Overweight	0	25	2	23	0.322128	0.014006	Uncorrelated	0	NA	NA	NA	7.556882	6.587628	1.147132	0.263120	-0.002501	0.003282	-0.762075	0.453760	NA	NA	NA	NA	43.396845	-0.021622	0.000011	1.000000	-0.999994	1.000000
2-10 years	Girls	Overweight including obese	1	25	4	21	0.077438	0.003688	Uncorrelated	0	NA	NA	NA	-51.285137	15.936515	-3.218090	0.004314	0.027267	0.007972	3.420211	0.002712	NA	NA	NA	NA	253.972498	0.000000	55.132991	1.000000	0.000000	1.000000
2-10 years	Girls	Overweight including obese	1	25	4	21	0.077438	0.003688	Uncorrelated	1	2004	2000	2007	33.392365	7.425159	4.497192	0.000220	-0.014988	0.003690	-4.061184	0.000610	-0.042254	0.008785	-4.809830	0.000107	0.000064	0.000000	0.000014	1.000000	0.000000	1.000000
2-15 years	All children	Obese	2	25	6	19	0.063933	0.003365	Uncorrelated	0	NA	NA	NA	-96.028189	14.383622	-6.676218	0.000004	0.049369	0.007195	6.861239	0.000003	NA	NA	NA	NA	206.888571	0.000000	0.000111	1.000000	0.000000	1.000000
2-15 years	All children	Obese	2	25	6	19	0.063933	0.003365	Uncorrelated	1	2004	2001	2006	55.210194	21.150256	2.610379	0.018283	-0.026099	0.010533	-2.477822	0.024012	-0.075468	0.012756	-5.916255	0.000017	0.000052	0.000000	450.904832	1.000000	0.000000	1.000000
2-15 years	All children	Obese	2	25	6	19	0.063933	0.003365	Uncorrelated	2	2012	2006	2017	-22.930300	21.234520	-1.079860	0.295288	0.012738	0.010533	1.209376	0.243069	0.038837	0.014896	2.607243	0.018402	447.333326	0.000000	0.000111	1.000000	0.000000	1.000000
2-15 years	All children	Overweight	1	25	4	21	0.051317	0.002444	Uncorrelated	0	NA	NA	NA	-24.237830	12.878416	-1.882051	0.074463	0.013442	0.006442	2.086516	0.049945	NA	NA	NA	NA	165.853600	0.000000	36.003918	1.000000	0.000000	1.000000
2-15 years	All children	Overweight	1	25	4	21	0.051317	0.002444	Uncorrelated	1	2004	2000	2009	20.199806	6.000327	3.366451	0.003070	-0.008732	0.002982	-2.928062	0.008316	-0.022174	0.007099	-3.123514	0.005352	0.000042	0.000000	0.000009	1.000000	0.000000	1.000000
2-15 years	All children	Overweight including obese	1	25	4	21	0.035845	0.001707	Uncorrelated	0	NA	NA	NA	-61.654432	13.028458	-4.732289	0.000128	0.032515	0.006519	4.987663	0.000071	NA	NA	NA	NA	169.740716	0.000000	21.241730	1.000000	0.000000	1.000000
2-15 years	All children	Overweight including obese	1	25	4	21	0.035845	0.001707	Uncorrelated	1	2003	2001	2005	19.933776	4.608875	4.325085	0.000329	-0.008218	0.002291	-3.586618	0.001845	-0.040733	0.006910	-5.894753	0.000009	0.000042	0.000000	0.000005	1.000000	0.000000	1.000000
2-15 years	Boys	Obese	2	25	6	19	0.095188	0.005010	Uncorrelated	0	NA	NA	NA	-107.044362	18.062447	-5.926349	0.000017	0.054884	0.009036	6.074147	0.000012	NA	NA	NA	NA	326.251985	0.000000	0.000175	1.000000	0.000000	1.000000
2-15 years	Boys	Obese	2	25	6	19	0.095188	0.005010	Uncorrelated	1	2004	2000	2007	57.470500	26.559749	2.163819	0.045008	-0.027209	0.013227	-2.057076	0.055358	-0.082093	0.016019	-5.124856	0.000084	0.000082	0.000000	711.052311	1.000000	0.000000	1.000000
2-15 years	Boys	Obese	2	25	6	19	0.095188	0.005010	Uncorrelated	2	2012	2006	2017	-49.428524	26.665564	-1.853646	0.081226	0.025922	0.013227	1.959775	0.066626	0.053131	0.018706	2.840343	0.011302	705.420241	0.000000	0.000175	1.000000	0.000000	1.000000
2-15 years	Boys	Overweight	0	25	2	23	0.190779	0.008295	Uncorrelated	0	NA	NA	NA	9.786125	5.069671	1.930328	0.065987	-0.003563	0.002526	-1.410660	0.171728	NA	NA	NA	NA	25.701559	-0.012806	0.000006	1.000000	-0.999994	1.000000
2-15 years	Boys	Overweight including obese	1	25	4	21	0.070209	0.003343	Uncorrelated	0	NA	NA	NA	-60.445891	18.257576	-3.310729	0.003489	0.031916	0.009136	3.493612	0.002289	NA	NA	NA	NA	333.339071	0.000000	41.714791	1.000000	0.000000	1.000000
2-15 years	Boys	Overweight including obese	1	25	4	21	0.070209	0.003343	Uncorrelated	1	2003	2000	2006	15.739159	6.458699	2.436893	0.024282	-0.006119	0.003211	-1.905744	0.071160	-0.038035	0.009683	-3.927877	0.000833	0.000083	0.000000	0.000010	1.000000	0.000000	1.000000
2-15 years	Girls	Obese	1	25	4	21	0.120630	0.005744	Uncorrelated	0	NA	NA	NA	-77.244167	19.370908	-3.987638	0.000724	0.039965	0.009690	4.124239	0.000526	NA	NA	NA	NA	375.232061	0.000000	81.456323	1.000000	0.000000	1.000000
2-15 years	Girls	Obese	1	25	4	21	0.120630	0.005744	Uncorrelated	1	2004	2001	2006	35.712435	9.025316	3.956918	0.000778	-0.016400	0.004486	-3.656146	0.001570	-0.056366	0.010678	-5.278574	0.000036	0.000094	0.000000	0.000020	1.000000	0.000000	1.000000
2-15 years	Girls	Overweight	1	25	4	21	0.119081	0.005671	Uncorrelated	0	NA	NA	NA	-37.362722	23.710183	-1.575809	0.130756	0.020000	0.011864	1.685763	0.107381	NA	NA	NA	NA	562.172777	0.000000	70.351549	1.000000	0.000000	1.000000
2-15 years	Girls	Overweight	1	25	4	21	0.119081	0.005671	Uncorrelated	1	2003	1997	2008	16.690262	8.387583	1.989877	0.060452	-0.006986	0.004170	-1.675416	0.109418	-0.026986	0.012575	-2.145932	0.044332	0.000141	0.000000	0.000017	1.000000	0.000000	1.000000
2-15 years	Girls	Overweight including obese	1	25	4	21	0.052963	0.002522	Uncorrelated	0	NA	NA	NA	-63.463026	15.835482	-4.007647	0.000691	0.033413	0.007924	4.216918	0.000424	NA	NA	NA	NA	250.762497	0.000000	31.380975	1.000000	0.000000	1.000000
2-15 years	Girls	Overweight including obese	1	25	4	21	0.052963	0.002522	Uncorrelated	1	2003	2001	2005	24.907200	5.601872	4.446228	0.000248	-0.010705	0.002785	-3.844079	0.001013	-0.044119	0.008399	-5.252982	0.000039	0.000063	0.000000	0.000008	1.000000	0.000000	1.000000
