"Sex"	"Year"	"ASR (World)"	"Model"	"Flag"	"APC"	"Joinpoints"	"Final Selected Model"
1	1950	162.00	164.51	NA	0.8234*	3	3
1	1951	165.69	165.86	NA	0.8234*	3	3
1	1952	167.17	167.23	NA	0.8234*	3	3
1	1953	168.18	168.60	NA	0.8234*	3	3
1	1954	171.18	169.99	NA	0.8234*	3	3
1	1955	171.98	171.39	NA	0.8234*	3	3
1	1956	173.61	172.80	NA	0.8234*	3	3
1	1957	175.03	174.23	NA	0.8234*	3	3
1	1958	176.35	175.66	NA	0.8234*	3	3
1	1959	178.41	177.11	NA	0.8234*	3	3
1	1960	179.02	178.57	NA	0.8234*	3	3
1	1961	179.74	180.04	NA	0.8234*	3	3
1	1962	181.94	181.52	NA	0.8234*	3	3
1	1963	183.11	183.01	NA	0.8234*	3	3
1	1964	183.53	184.52	NA	0.8234*	3	3
1	1965	185.36	186.04	NA	0.8234*	3	3
1	1966	187.25	187.57	NA	0.8234*	3	3
1	1967	188.11	189.12	NA	0.8234*	3	3
1	1968	190.54	190.67	NA	0.8234*	3	3
1	1969	191.56	192.24	Joinpoint 1	NA	3	3
1	1970	191.12	191.71	NA	-0.2747*	3	3
1	1971	188.67	191.19	NA	-0.2747*	3	3
1	1972	190.24	190.66	NA	-0.2747*	3	3
1	1973	190.08	190.14	NA	-0.2747*	3	3
1	1974	190.69	189.62	NA	-0.2747*	3	3
1	1975	188.37	189.10	NA	-0.2747*	3	3
1	1976	191.31	188.58	NA	-0.2747*	3	3
1	1977	188.39	188.06	NA	-0.2747*	3	3
1	1978	189.75	187.54	NA	-0.2747*	3	3
1	1979	189.53	187.03	NA	-0.2747*	3	3
1	1980	187.41	186.51	NA	-0.2747*	3	3
1	1981	182.85	186.00	NA	-0.2747*	3	3
1	1982	181.75	185.49	NA	-0.2747*	3	3
1	1983	184.73	184.98	NA	-0.2747*	3	3
1	1984	188.14	184.47	NA	-0.2747*	3	3
1	1985	186.46	183.96	NA	-0.2747*	3	3
1	1986	183.43	183.46	NA	-0.2747*	3	3
1	1987	182.60	182.95	NA	-0.2747*	3	3
1	1988	183.36	182.45	NA	-0.2747*	3	3
1	1989	181.39	181.95	NA	-0.2747*	3	3
1	1990	179.69	181.45	NA	-0.2747*	3	3
1	1991	179.20	180.95	Joinpoint 2	NA	3	3
1	1992	178.05	177.17	NA	-2.0926*	3	3
1	1993	173.22	173.46	NA	-2.0926*	3	3
1	1994	169.60	169.83	NA	-2.0926*	3	3
1	1995	166.62	166.27	NA	-2.0926*	3	3
1	1996	162.84	162.80	NA	-2.0926*	3	3
1	1997	157.31	159.39	NA	-2.0926*	3	3
1	1998	157.11	156.05	NA	-2.0926*	3	3
1	1999	151.93	152.79	Joinpoint 3	NA	3	3
1	2000	148.08	150.56	NA	-1.4554*	3	3
1	2001	150.24	148.37	NA	-1.4554*	3	3
1	2002	149.21	146.21	NA	-1.4554*	3	3
1	2003	145.28	144.09	NA	-1.4554*	3	3
1	2004	142.23	141.99	NA	-1.4554*	3	3
1	2005	138.79	139.92	NA	-1.4554*	3	3
1	2006	138.22	137.89	NA	-1.4554*	3	3
1	2007	135.77	135.88	NA	-1.4554*	3	3
1	2008	133.71	133.90	NA	-1.4554*	3	3
1	2009	131.32	131.95	NA	-1.4554*	3	3
1	2010	128.87	130.03	NA	-1.4554*	3	3
1	2011	127.64	128.14	NA	-1.4554*	3	3
1	2012	126.38	126.27	NA	-1.4554*	3	3
1	2013	124.34	124.44	NA	-1.4554*	3	3
1	2014	122.54	122.63	NA	-1.4554*	3	3
1	2015	121.21	120.84	NA	-1.4554*	3	3
1	2016	119.75	119.08	NA	-1.4554*	3	3
2	1950	121.92	120.00	NA	-0.3994*	3	3
2	1951	118.86	119.52	NA	-0.3994*	3	3
2	1952	119.21	119.05	NA	-0.3994*	3	3
2	1953	117.10	118.57	NA	-0.3994*	3	3
2	1954	117.69	118.10	NA	-0.3994*	3	3
2	1955	117.58	117.62	NA	-0.3994*	3	3
2	1956	117.31	117.15	NA	-0.3994*	3	3
2	1957	115.45	116.69	NA	-0.3994*	3	3
2	1958	116.97	116.22	NA	-0.3994*	3	3
2	1959	116.25	115.76	NA	-0.3994*	3	3
2	1960	116.32	115.29	Joinpoint 1	NA	3	3
2	1961	115.88	115.73	NA	0.3771*	3	3
2	1962	116.09	116.17	NA	0.3771*	3	3
2	1963	115.52	116.60	NA	0.3771*	3	3
2	1964	117.17	117.04	NA	0.3771*	3	3
2	1965	116.78	117.48	NA	0.3771*	3	3
2	1966	116.74	117.93	NA	0.3771*	3	3
2	1967	117.17	118.37	NA	0.3771*	3	3
2	1968	119.47	118.82	NA	0.3771*	3	3
2	1969	120.75	119.27	NA	0.3771*	3	3
2	1970	120.37	119.72	NA	0.3771*	3	3
2	1971	120.46	120.17	NA	0.3771*	3	3
2	1972	120.69	120.62	NA	0.3771*	3	3
2	1973	121.15	121.08	NA	0.3771*	3	3
2	1974	121.75	121.53	NA	0.3771*	3	3
2	1975	121.74	121.99	NA	0.3771*	3	3
2	1976	123.77	122.45	NA	0.3771*	3	3
2	1977	122.96	122.91	NA	0.3771*	3	3
2	1978	124.05	123.38	NA	0.3771*	3	3
2	1979	124.55	123.84	NA	0.3771*	3	3
2	1980	124.56	124.31	NA	0.3771*	3	3
2	1981	122.88	124.78	NA	0.3771*	3	3
2	1982	123.71	125.25	NA	0.3771*	3	3
2	1983	124.05	125.72	NA	0.3771*	3	3
2	1984	128.19	126.19	NA	0.3771*	3	3
2	1985	128.10	126.67	NA	0.3771*	3	3
2	1986	127.16	127.15	NA	0.3771*	3	3
2	1987	127.43	127.63	NA	0.3771*	3	3
2	1988	128.11	128.11	NA	0.3771*	3	3
2	1989	127.99	128.59	Joinpoint 2	NA	3	3
2	1990	125.78	126.61	NA	-1.5425*	3	3
2	1991	124.25	124.66	NA	-1.5425*	3	3
2	1992	123.40	122.73	NA	-1.5425*	3	3
2	1993	120.96	120.84	NA	-1.5425*	3	3
2	1994	119.37	118.98	NA	-1.5425*	3	3
2	1995	117.38	117.14	NA	-1.5425*	3	3
2	1996	115.40	115.33	NA	-1.5425*	3	3
2	1997	113.38	113.55	NA	-1.5425*	3	3
2	1998	111.83	111.80	Joinpoint 3	NA	3	3
2	1999	110.20	110.55	NA	-1.1201*	3	3
2	2000	108.50	109.31	NA	-1.1201*	3	3
2	2001	108.82	108.09	NA	-1.1201*	3	3
2	2002	107.43	106.88	NA	-1.1201*	3	3
2	2003	105.81	105.68	NA	-1.1201*	3	3
2	2004	103.99	104.50	NA	-1.1201*	3	3
2	2005	103.27	103.33	NA	-1.1201*	3	3
2	2006	101.76	102.17	NA	-1.1201*	3	3
2	2007	101.72	101.02	NA	-1.1201*	3	3
2	2008	100.41	99.89	NA	-1.1201*	3	3
2	2009	97.87	98.77	NA	-1.1201*	3	3
2	2010	96.99	97.67	NA	-1.1201*	3	3
2	2011	96.54	96.57	NA	-1.1201*	3	3
2	2012	96.60	95.49	NA	-1.1201*	3	3
2	2013	94.36	94.42	NA	-1.1201*	3	3
2	2014	93.12	93.36	NA	-1.1201*	3	3
2	2015	91.76	92.32	NA	-1.1201*	3	3
2	2016	91.82	91.28	NA	-1.1201*	3	3
