"Sex"	"Cancer label"	"Year"	"ASR (World)"	"Model"	"Flag"	"APC"	"Joinpoints"	"Final Selected Model"
2	"Breast"	1950	23.54	23.12	NA	0.3449*	4	4
2	"Breast"	1951	23.21	23.20	NA	0.3449*	4	4
2	"Breast"	1952	23.61	23.28	NA	0.3449*	4	4
2	"Breast"	1953	23.11	23.36	NA	0.3449*	4	4
2	"Breast"	1954	23.50	23.44	NA	0.3449*	4	4
2	"Breast"	1955	23.42	23.52	NA	0.3449*	4	4
2	"Breast"	1956	23.47	23.60	NA	0.3449*	4	4
2	"Breast"	1957	23.39	23.68	NA	0.3449*	4	4
2	"Breast"	1958	23.90	23.76	NA	0.3449*	4	4
2	"Breast"	1959	23.12	23.85	NA	0.3449*	4	4
2	"Breast"	1960	23.74	23.93	NA	0.3449*	4	4
2	"Breast"	1961	23.98	24.01	NA	0.3449*	4	4
2	"Breast"	1962	23.97	24.09	NA	0.3449*	4	4
2	"Breast"	1963	24.21	24.18	NA	0.3449*	4	4
2	"Breast"	1964	25.05	24.26	NA	0.3449*	4	4
2	"Breast"	1965	24.34	24.34	NA	0.3449*	4	4
2	"Breast"	1966	24.40	24.43	Joinpoint 1	NA	4	4
2	"Breast"	1967	25.00	24.90	NA	1.9515*	4	4
2	"Breast"	1968	25.27	25.39	NA	1.9515*	4	4
2	"Breast"	1969	26.17	25.89	NA	1.9515*	4	4
2	"Breast"	1970	26.40	26.39	NA	1.9515*	4	4
2	"Breast"	1971	26.73	26.91	Joinpoint 2	NA	4	4
2	"Breast"	1972	26.94	27.04	NA	0.4942*	4	4
2	"Breast"	1973	27.55	27.17	NA	0.4942*	4	4
2	"Breast"	1974	26.72	27.31	NA	0.4942*	4	4
2	"Breast"	1975	27.55	27.44	NA	0.4942*	4	4
2	"Breast"	1976	27.62	27.58	NA	0.4942*	4	4
2	"Breast"	1977	27.70	27.71	NA	0.4942*	4	4
2	"Breast"	1978	27.95	27.85	NA	0.4942*	4	4
2	"Breast"	1979	27.93	27.99	NA	0.4942*	4	4
2	"Breast"	1980	28.31	28.13	NA	0.4942*	4	4
2	"Breast"	1981	28.23	28.27	NA	0.4942*	4	4
2	"Breast"	1982	28.23	28.41	NA	0.4942*	4	4
2	"Breast"	1983	28.37	28.55	NA	0.4942*	4	4
2	"Breast"	1984	29.13	28.69	NA	0.4942*	4	4
2	"Breast"	1985	29.07	28.83	NA	0.4942*	4	4
2	"Breast"	1986	29.38	28.97	NA	0.4942*	4	4
2	"Breast"	1987	29.05	29.11	NA	0.4942*	4	4
2	"Breast"	1988	28.85	29.26	NA	0.4942*	4	4
2	"Breast"	1989	29.18	29.40	Joinpoint 3	NA	4	4
2	"Breast"	1990	28.11	28.57	NA	-2.8197*	4	4
2	"Breast"	1991	27.72	27.77	NA	-2.8197*	4	4
2	"Breast"	1992	27.28	26.98	NA	-2.8197*	4	4
2	"Breast"	1993	26.25	26.22	NA	-2.8197*	4	4
2	"Breast"	1994	25.91	25.48	NA	-2.8197*	4	4
2	"Breast"	1995	25.08	24.77	NA	-2.8197*	4	4
2	"Breast"	1996	23.76	24.07	NA	-2.8197*	4	4
2	"Breast"	1997	23.19	23.39	NA	-2.8197*	4	4
2	"Breast"	1998	22.66	22.73	NA	-2.8197*	4	4
2	"Breast"	1999	21.95	22.09	Joinpoint 4	NA	4	4
2	"Breast"	2000	21.44	21.58	NA	-2.3169*	4	4
2	"Breast"	2001	21.24	21.08	NA	-2.3169*	4	4
2	"Breast"	2002	20.63	20.59	NA	-2.3169*	4	4
2	"Breast"	2003	20.16	20.11	NA	-2.3169*	4	4
2	"Breast"	2004	19.59	19.65	NA	-2.3169*	4	4
2	"Breast"	2005	19.38	19.19	NA	-2.3169*	4	4
2	"Breast"	2006	18.97	18.75	NA	-2.3169*	4	4
2	"Breast"	2007	18.39	18.31	NA	-2.3169*	4	4
2	"Breast"	2008	17.92	17.89	NA	-2.3169*	4	4
2	"Breast"	2009	17.35	17.47	NA	-2.3169*	4	4
2	"Breast"	2010	16.60	17.07	NA	-2.3169*	4	4
2	"Breast"	2011	16.78	16.67	NA	-2.3169*	4	4
2	"Breast"	2012	16.37	16.29	NA	-2.3169*	4	4
2	"Breast"	2013	15.83	15.91	NA	-2.3169*	4	4
2	"Breast"	2014	15.38	15.54	NA	-2.3169*	4	4
2	"Breast"	2015	15.15	15.18	NA	-2.3169*	4	4
2	"Breast"	2016	15.08	14.83	NA	-2.3169*	4	4
1	"Colorectum"	1955	25.19	25.01	NA	-2.3116*	5	5
1	"Colorectum"	1956	24.29	24.43	NA	-2.3116*	5	5
1	"Colorectum"	1957	23.78	23.86	NA	-2.3116*	5	5
1	"Colorectum"	1958	23.42	23.31	NA	-2.3116*	5	5
1	"Colorectum"	1959	22.59	22.77	NA	-2.3116*	5	5
1	"Colorectum"	1960	22.28	22.25	NA	-2.3116*	5	5
1	"Colorectum"	1961	22.04	21.73	Joinpoint 1	NA	5	5
1	"Colorectum"	1962	21.93	21.74	NA	0.0211	5	5
1	"Colorectum"	1963	21.63	21.74	NA	0.0211	5	5
1	"Colorectum"	1964	21.59	21.75	NA	0.0211	5	5
1	"Colorectum"	1965	20.96	21.75	NA	0.0211	5	5
1	"Colorectum"	1966	21.69	21.75	NA	0.0211	5	5
1	"Colorectum"	1967	21.71	21.76	NA	0.0211	5	5
1	"Colorectum"	1968	22.40	21.76	NA	0.0211	5	5
1	"Colorectum"	1969	22.02	21.77	NA	0.0211	5	5
1	"Colorectum"	1970	21.99	21.77	NA	0.0211	5	5
1	"Colorectum"	1971	21.66	21.78	NA	0.0211	5	5
1	"Colorectum"	1972	21.92	21.78	NA	0.0211	5	5
1	"Colorectum"	1973	21.63	21.79	NA	0.0211	5	5
1	"Colorectum"	1974	21.87	21.79	NA	0.0211	5	5
1	"Colorectum"	1975	21.43	21.80	NA	0.0211	5	5
1	"Colorectum"	1976	22.13	21.80	Joinpoint 2	NA	5	5
1	"Colorectum"	1977	21.27	21.45	NA	-1.6207	5	5
1	"Colorectum"	1978	20.81	21.10	NA	-1.6207	5	5
1	"Colorectum"	1979	21.08	20.76	NA	-1.6207	5	5
1	"Colorectum"	1980	20.52	20.42	Joinpoint 3	NA	5	5
1	"Colorectum"	1981	20.24	20.41	NA	-0.0672	5	5
1	"Colorectum"	1982	19.71	20.39	NA	-0.0672	5	5
1	"Colorectum"	1983	20.24	20.38	NA	-0.0672	5	5
1	"Colorectum"	1984	21.21	20.37	NA	-0.0672	5	5
1	"Colorectum"	1985	20.69	20.35	NA	-0.0672	5	5
1	"Colorectum"	1986	20.23	20.34	NA	-0.0672	5	5
1	"Colorectum"	1987	20.24	20.33	NA	-0.0672	5	5
1	"Colorectum"	1988	20.50	20.31	NA	-0.0672	5	5
1	"Colorectum"	1989	20.32	20.30	NA	-0.0672	5	5
1	"Colorectum"	1990	20.18	20.28	NA	-0.0672	5	5
1	"Colorectum"	1991	20.06	20.27	NA	-0.0672	5	5
1	"Colorectum"	1992	20.49	20.26	Joinpoint 4	NA	5	5
1	"Colorectum"	1993	19.25	19.47	NA	-3.8697	5	5
1	"Colorectum"	1994	18.49	18.72	NA	-3.8697	5	5
1	"Colorectum"	1995	18.33	18.00	Joinpoint 5	NA	5	5
1	"Colorectum"	1996	17.81	17.65	NA	-1.9369*	5	5
1	"Colorectum"	1997	17.48	17.31	NA	-1.9369*	5	5
1	"Colorectum"	1998	17.14	16.97	NA	-1.9369*	5	5
1	"Colorectum"	1999	16.35	16.64	NA	-1.9369*	5	5
1	"Colorectum"	2000	16.00	16.32	NA	-1.9369*	5	5
1	"Colorectum"	2001	15.91	16.00	NA	-1.9369*	5	5
1	"Colorectum"	2002	15.72	15.69	NA	-1.9369*	5	5
1	"Colorectum"	2003	15.37	15.39	NA	-1.9369*	5	5
1	"Colorectum"	2004	15.21	15.09	NA	-1.9369*	5	5
1	"Colorectum"	2005	14.82	14.80	NA	-1.9369*	5	5
1	"Colorectum"	2006	14.37	14.51	NA	-1.9369*	5	5
1	"Colorectum"	2007	14.13	14.23	NA	-1.9369*	5	5
1	"Colorectum"	2008	14.20	13.96	NA	-1.9369*	5	5
1	"Colorectum"	2009	13.61	13.69	NA	-1.9369*	5	5
1	"Colorectum"	2010	13.53	13.42	NA	-1.9369*	5	5
1	"Colorectum"	2011	12.93	13.16	NA	-1.9369*	5	5
1	"Colorectum"	2012	13.07	12.91	NA	-1.9369*	5	5
1	"Colorectum"	2013	12.59	12.66	NA	-1.9369*	5	5
1	"Colorectum"	2014	12.15	12.41	NA	-1.9369*	5	5
1	"Colorectum"	2015	12.28	12.17	NA	-1.9369*	5	5
1	"Colorectum"	2016	12.16	11.93	NA	-1.9369*	5	5
2	"Colorectum"	1955	20.03	19.84	NA	-1.6259*	6	6
2	"Colorectum"	1956	19.58	19.52	NA	-1.6259*	6	6
2	"Colorectum"	1957	18.68	19.20	NA	-1.6259*	6	6
2	"Colorectum"	1958	18.83	18.89	NA	-1.6259*	6	6
2	"Colorectum"	1959	19.02	18.58	NA	-1.6259*	6	6
2	"Colorectum"	1960	18.26	18.28	NA	-1.6259*	6	6
2	"Colorectum"	1961	17.89	17.98	NA	-1.6259*	6	6
2	"Colorectum"	1962	17.78	17.69	Joinpoint 1	NA	6	6
2	"Colorectum"	1963	17.52	17.64	NA	-0.2890*	6	6
2	"Colorectum"	1964	17.61	17.59	NA	-0.2890*	6	6
2	"Colorectum"	1965	17.48	17.53	NA	-0.2890*	6	6
2	"Colorectum"	1966	17.00	17.48	NA	-0.2890*	6	6
2	"Colorectum"	1967	17.35	17.43	NA	-0.2890*	6	6
2	"Colorectum"	1968	17.92	17.38	NA	-0.2890*	6	6
2	"Colorectum"	1969	17.72	17.33	NA	-0.2890*	6	6
2	"Colorectum"	1970	17.45	17.28	NA	-0.2890*	6	6
2	"Colorectum"	1971	16.97	17.23	NA	-0.2890*	6	6
2	"Colorectum"	1972	17.21	17.18	NA	-0.2890*	6	6
2	"Colorectum"	1973	16.97	17.13	NA	-0.2890*	6	6
2	"Colorectum"	1974	17.09	17.08	NA	-0.2890*	6	6
2	"Colorectum"	1975	17.06	17.03	NA	-0.2890*	6	6
2	"Colorectum"	1976	17.17	16.98	Joinpoint 2	NA	6	6
2	"Colorectum"	1977	16.19	16.56	NA	-2.5093*	6	6
2	"Colorectum"	1978	16.00	16.14	NA	-2.5093*	6	6
2	"Colorectum"	1979	15.83	15.74	NA	-2.5093*	6	6
2	"Colorectum"	1980	15.68	15.34	NA	-2.5093*	6	6
2	"Colorectum"	1981	14.92	14.96	NA	-2.5093*	6	6
2	"Colorectum"	1982	14.34	14.58	Joinpoint 3	NA	6	6
2	"Colorectum"	1983	14.89	14.73	NA	1.0279	6	6
2	"Colorectum"	1984	14.94	14.88	NA	1.0279	6	6
2	"Colorectum"	1985	15.16	15.04	Joinpoint 4	NA	6	6
2	"Colorectum"	1986	14.43	14.75	NA	-1.8822*	6	6
2	"Colorectum"	1987	14.47	14.48	NA	-1.8822*	6	6
2	"Colorectum"	1988	14.32	14.20	NA	-1.8822*	6	6
2	"Colorectum"	1989	13.92	13.94	NA	-1.8822*	6	6
2	"Colorectum"	1990	13.67	13.67	NA	-1.8822*	6	6
2	"Colorectum"	1991	13.53	13.42	NA	-1.8822*	6	6
2	"Colorectum"	1992	13.42	13.16	Joinpoint 5	NA	6	6
2	"Colorectum"	1993	12.52	12.70	NA	-3.5365*	6	6
2	"Colorectum"	1994	12.17	12.25	NA	-3.5365*	6	6
2	"Colorectum"	1995	11.73	11.82	NA	-3.5365*	6	6
2	"Colorectum"	1996	11.33	11.40	NA	-3.5365*	6	6
2	"Colorectum"	1997	10.95	11.00	NA	-3.5365*	6	6
2	"Colorectum"	1998	10.54	10.61	NA	-3.5365*	6	6
2	"Colorectum"	1999	10.45	10.23	NA	-3.5365*	6	6
2	"Colorectum"	2000	9.81	9.87	NA	-3.5365*	6	6
2	"Colorectum"	2001	9.54	9.52	Joinpoint 6	NA	6	6
2	"Colorectum"	2002	9.40	9.41	NA	-1.1866*	6	6
2	"Colorectum"	2003	9.42	9.30	NA	-1.1866*	6	6
2	"Colorectum"	2004	9.18	9.19	NA	-1.1866*	6	6
2	"Colorectum"	2005	9.12	9.08	NA	-1.1866*	6	6
2	"Colorectum"	2006	8.96	8.97	NA	-1.1866*	6	6
2	"Colorectum"	2007	8.99	8.86	NA	-1.1866*	6	6
2	"Colorectum"	2008	8.95	8.76	NA	-1.1866*	6	6
2	"Colorectum"	2009	8.53	8.65	NA	-1.1866*	6	6
2	"Colorectum"	2010	8.28	8.55	NA	-1.1866*	6	6
2	"Colorectum"	2011	8.14	8.45	NA	-1.1866*	6	6
2	"Colorectum"	2012	8.49	8.35	NA	-1.1866*	6	6
2	"Colorectum"	2013	8.19	8.25	NA	-1.1866*	6	6
2	"Colorectum"	2014	7.96	8.15	NA	-1.1866*	6	6
2	"Colorectum"	2015	8.11	8.06	NA	-1.1866*	6	6
2	"Colorectum"	2016	8.29	7.96	NA	-1.1866*	6	6
1	"Lung"	1950	38.29	38.39	NA	7.1653*	7	7
1	"Lung"	1951	41.35	41.14	NA	7.1653*	7	7
1	"Lung"	1952	44.02	44.09	NA	7.1653*	7	7
1	"Lung"	1953	47.16	47.25	NA	7.1653*	7	7
1	"Lung"	1954	50.45	50.63	Joinpoint 1	NA	7	7
1	"Lung"	1955	52.53	52.62	NA	3.9338*	7	7
1	"Lung"	1956	55.05	54.69	NA	3.9338*	7	7
1	"Lung"	1957	57.12	56.84	NA	3.9338*	7	7
1	"Lung"	1958	58.74	59.08	NA	3.9338*	7	7
1	"Lung"	1959	61.80	61.40	NA	3.9338*	7	7
1	"Lung"	1960	63.30	63.82	Joinpoint 2	NA	7	7
1	"Lung"	1961	64.45	64.96	NA	1.7940*	7	7
1	"Lung"	1962	66.24	66.13	NA	1.7940*	7	7
1	"Lung"	1963	67.66	67.32	NA	1.7940*	7	7
1	"Lung"	1964	68.76	68.52	NA	1.7940*	7	7
1	"Lung"	1965	70.17	69.75	NA	1.7940*	7	7
1	"Lung"	1966	70.90	71.00	NA	1.7940*	7	7
1	"Lung"	1967	72.71	72.28	NA	1.7940*	7	7
1	"Lung"	1968	73.08	73.57	NA	1.7940*	7	7
1	"Lung"	1969	74.58	74.89	Joinpoint 3	NA	7	7
1	"Lung"	1970	74.58	74.72	NA	-0.2293	7	7
1	"Lung"	1971	73.69	74.55	NA	-0.2293	7	7
1	"Lung"	1972	74.63	74.38	NA	-0.2293	7	7
1	"Lung"	1973	74.80	74.21	NA	-0.2293	7	7
1	"Lung"	1974	75.24	74.04	NA	-0.2293	7	7
1	"Lung"	1975	73.21	73.87	NA	-0.2293	7	7
1	"Lung"	1976	74.10	73.70	NA	-0.2293	7	7
1	"Lung"	1977	73.02	73.53	NA	-0.2293	7	7
1	"Lung"	1978	73.12	73.36	Joinpoint 4	NA	7	7
1	"Lung"	1979	72.99	72.15	NA	-1.6495*	7	7
1	"Lung"	1980	71.53	70.96	NA	-1.6495*	7	7
1	"Lung"	1981	68.40	69.79	NA	-1.6495*	7	7
1	"Lung"	1982	67.46	68.64	NA	-1.6495*	7	7
1	"Lung"	1983	68.25	67.51	NA	-1.6495*	7	7
1	"Lung"	1984	66.76	66.40	NA	-1.6495*	7	7
1	"Lung"	1985	65.92	65.30	Joinpoint 5	NA	7	7
1	"Lung"	1986	63.44	63.64	NA	-2.5412*	7	7
1	"Lung"	1987	61.54	62.02	NA	-2.5412*	7	7
1	"Lung"	1988	60.87	60.45	NA	-2.5412*	7	7
1	"Lung"	1989	58.50	58.91	NA	-2.5412*	7	7
1	"Lung"	1990	57.26	57.41	NA	-2.5412*	7	7
1	"Lung"	1991	56.18	55.96	Joinpoint 6	NA	7	7
1	"Lung"	1992	54.10	53.75	NA	-3.9462*	7	7
1	"Lung"	1993	51.51	51.63	NA	-3.9462*	7	7
1	"Lung"	1994	49.77	49.59	NA	-3.9462*	7	7
1	"Lung"	1995	47.65	47.63	NA	-3.9462*	7	7
1	"Lung"	1996	45.58	45.75	NA	-3.9462*	7	7
1	"Lung"	1997	43.32	43.95	NA	-3.9462*	7	7
1	"Lung"	1998	42.63	42.21	NA	-3.9462*	7	7
1	"Lung"	1999	40.51	40.55	NA	-3.9462*	7	7
1	"Lung"	2000	39.15	38.95	Joinpoint 7	NA	7	7
1	"Lung"	2001	38.21	38.03	NA	-2.3463*	7	7
1	"Lung"	2002	37.61	37.14	NA	-2.3463*	7	7
1	"Lung"	2003	35.68	36.27	NA	-2.3463*	7	7
1	"Lung"	2004	34.72	35.42	NA	-2.3463*	7	7
1	"Lung"	2005	34.18	34.59	NA	-2.3463*	7	7
1	"Lung"	2006	33.81	33.78	NA	-2.3463*	7	7
1	"Lung"	2007	33.13	32.98	NA	-2.3463*	7	7
1	"Lung"	2008	32.71	32.21	NA	-2.3463*	7	7
1	"Lung"	2009	31.84	31.45	NA	-2.3463*	7	7
1	"Lung"	2010	30.79	30.72	NA	-2.3463*	7	7
1	"Lung"	2011	30.27	29.99	NA	-2.3463*	7	7
1	"Lung"	2012	29.12	29.29	NA	-2.3463*	7	7
1	"Lung"	2013	28.73	28.60	NA	-2.3463*	7	7
1	"Lung"	2014	28.06	27.93	NA	-2.3463*	7	7
1	"Lung"	2015	26.88	27.28	NA	-2.3463*	7	7
1	"Lung"	2016	26.52	26.64	NA	-2.3463*	7	7
2	"Lung"	1950	6.02	5.97	NA	2.6400*	6	6
2	"Lung"	1951	6.09	6.13	NA	2.6400*	6	6
2	"Lung"	1952	6.33	6.29	NA	2.6400*	6	6
2	"Lung"	1953	6.43	6.46	NA	2.6400*	6	6
2	"Lung"	1954	6.61	6.63	NA	2.6400*	6	6
2	"Lung"	1955	6.74	6.80	NA	2.6400*	6	6
2	"Lung"	1956	7.05	6.98	NA	2.6400*	6	6
2	"Lung"	1957	7.14	7.17	NA	2.6400*	6	6
2	"Lung"	1958	7.44	7.36	Joinpoint 1	NA	6	6
2	"Lung"	1959	7.73	7.71	NA	4.7581*	6	6
2	"Lung"	1960	8.03	8.07	NA	4.7581*	6	6
2	"Lung"	1961	8.48	8.46	NA	4.7581*	6	6
2	"Lung"	1962	8.79	8.86	NA	4.7581*	6	6
2	"Lung"	1963	9.19	9.28	NA	4.7581*	6	6
2	"Lung"	1964	9.73	9.72	NA	4.7581*	6	6
2	"Lung"	1965	10.29	10.19	NA	4.7581*	6	6
2	"Lung"	1966	10.67	10.67	NA	4.7581*	6	6
2	"Lung"	1967	11.27	11.18	NA	4.7581*	6	6
2	"Lung"	1968	11.73	11.71	Joinpoint 2	NA	6	6
2	"Lung"	1969	12.00	12.14	NA	3.6577*	6	6
2	"Lung"	1970	12.46	12.58	NA	3.6577*	6	6
2	"Lung"	1971	13.02	13.04	NA	3.6577*	6	6
2	"Lung"	1972	13.62	13.52	NA	3.6577*	6	6
2	"Lung"	1973	13.94	14.02	NA	3.6577*	6	6
2	"Lung"	1974	14.94	14.53	NA	3.6577*	6	6
2	"Lung"	1975	15.07	15.06	NA	3.6577*	6	6
2	"Lung"	1976	15.51	15.61	NA	3.6577*	6	6
2	"Lung"	1977	16.16	16.18	NA	3.6577*	6	6
2	"Lung"	1978	16.75	16.77	NA	3.6577*	6	6
2	"Lung"	1979	17.43	17.39	Joinpoint 3	NA	6	6
2	"Lung"	1980	17.85	17.79	NA	2.2864*	6	6
2	"Lung"	1981	17.75	18.19	NA	2.2864*	6	6
2	"Lung"	1982	18.86	18.61	NA	2.2864*	6	6
2	"Lung"	1983	18.76	19.03	NA	2.2864*	6	6
2	"Lung"	1984	20.00	19.47	NA	2.2864*	6	6
2	"Lung"	1985	19.88	19.91	NA	2.2864*	6	6
2	"Lung"	1986	20.13	20.37	NA	2.2864*	6	6
2	"Lung"	1987	20.53	20.83	NA	2.2864*	6	6
2	"Lung"	1988	21.29	21.31	Joinpoint 4	NA	6	6
2	"Lung"	1989	21.13	21.19	NA	-0.5676*	6	6
2	"Lung"	1990	21.02	21.07	NA	-0.5676*	6	6
2	"Lung"	1991	21.06	20.95	NA	-0.5676*	6	6
2	"Lung"	1992	20.96	20.83	NA	-0.5676*	6	6
2	"Lung"	1993	20.77	20.71	NA	-0.5676*	6	6
2	"Lung"	1994	20.80	20.60	NA	-0.5676*	6	6
2	"Lung"	1995	20.62	20.48	NA	-0.5676*	6	6
2	"Lung"	1996	20.59	20.36	NA	-0.5676*	6	6
2	"Lung"	1997	19.91	20.25	NA	-0.5676*	6	6
2	"Lung"	1998	20.28	20.13	NA	-0.5676*	6	6
2	"Lung"	1999	20.10	20.02	NA	-0.5676*	6	6
2	"Lung"	2000	19.96	19.90	NA	-0.5676*	6	6
2	"Lung"	2001	19.58	19.79	NA	-0.5676*	6	6
2	"Lung"	2002	19.69	19.68	NA	-0.5676*	6	6
2	"Lung"	2003	19.57	19.57	Joinpoint 5	NA	6	6
2	"Lung"	2004	19.64	19.82	NA	1.3127*	6	6
2	"Lung"	2005	19.87	20.08	NA	1.3127*	6	6
2	"Lung"	2006	20.68	20.35	NA	1.3127*	6	6
2	"Lung"	2007	20.57	20.61	NA	1.3127*	6	6
2	"Lung"	2008	21.00	20.88	Joinpoint 6	NA	6	6
2	"Lung"	2009	20.48	20.72	NA	-0.7810*	6	6
2	"Lung"	2010	20.51	20.56	NA	-0.7810*	6	6
2	"Lung"	2011	20.32	20.40	NA	-0.7810*	6	6
2	"Lung"	2012	20.45	20.24	NA	-0.7810*	6	6
2	"Lung"	2013	20.00	20.08	NA	-0.7810*	6	6
2	"Lung"	2014	20.12	19.93	NA	-0.7810*	6	6
2	"Lung"	2015	19.86	19.77	NA	-0.7810*	6	6
2	"Lung"	2016	19.40	19.62	NA	-0.7810*	6	6
1	"Oesophagus"	1950	5.50	5.61	NA	-4.3085*	5	5
1	"Oesophagus"	1951	5.44	5.37	NA	-4.3085*	5	5
1	"Oesophagus"	1952	5.32	5.13	NA	-4.3085*	5	5
1	"Oesophagus"	1953	4.75	4.91	NA	-4.3085*	5	5
1	"Oesophagus"	1954	4.67	4.70	Joinpoint 1	NA	5	5
1	"Oesophagus"	1955	4.75	4.67	NA	-0.5682	5	5
1	"Oesophagus"	1956	4.78	4.65	NA	-0.5682	5	5
1	"Oesophagus"	1957	4.56	4.62	NA	-0.5682	5	5
1	"Oesophagus"	1958	4.47	4.60	NA	-0.5682	5	5
1	"Oesophagus"	1959	4.70	4.57	NA	-0.5682	5	5
1	"Oesophagus"	1960	4.35	4.54	NA	-0.5682	5	5
1	"Oesophagus"	1961	4.45	4.52	NA	-0.5682	5	5
1	"Oesophagus"	1962	4.68	4.49	NA	-0.5682	5	5
1	"Oesophagus"	1963	4.52	4.47	Joinpoint 2	NA	5	5
1	"Oesophagus"	1964	4.35	4.55	NA	1.7804*	5	5
1	"Oesophagus"	1965	4.61	4.63	NA	1.7804*	5	5
1	"Oesophagus"	1966	4.70	4.71	NA	1.7804*	5	5
1	"Oesophagus"	1967	4.83	4.79	NA	1.7804*	5	5
1	"Oesophagus"	1968	5.25	4.88	NA	1.7804*	5	5
1	"Oesophagus"	1969	4.82	4.97	NA	1.7804*	5	5
1	"Oesophagus"	1970	5.06	5.05	NA	1.7804*	5	5
1	"Oesophagus"	1971	5.15	5.14	NA	1.7804*	5	5
1	"Oesophagus"	1972	5.30	5.24	NA	1.7804*	5	5
1	"Oesophagus"	1973	5.25	5.33	NA	1.7804*	5	5
1	"Oesophagus"	1974	5.39	5.42	NA	1.7804*	5	5
1	"Oesophagus"	1975	5.41	5.52	NA	1.7804*	5	5
1	"Oesophagus"	1976	5.62	5.62	NA	1.7804*	5	5
1	"Oesophagus"	1977	5.63	5.72	NA	1.7804*	5	5
1	"Oesophagus"	1978	5.93	5.82	NA	1.7804*	5	5
1	"Oesophagus"	1979	5.88	5.92	NA	1.7804*	5	5
1	"Oesophagus"	1980	6.08	6.03	NA	1.7804*	5	5
1	"Oesophagus"	1981	6.07	6.14	Joinpoint 3	NA	5	5
1	"Oesophagus"	1982	6.31	6.30	NA	2.7317*	5	5
1	"Oesophagus"	1983	6.43	6.48	NA	2.7317*	5	5
1	"Oesophagus"	1984	6.54	6.65	NA	2.7317*	5	5
1	"Oesophagus"	1985	7.12	6.83	NA	2.7317*	5	5
1	"Oesophagus"	1986	6.94	7.02	NA	2.7317*	5	5
1	"Oesophagus"	1987	7.32	7.21	NA	2.7317*	5	5
1	"Oesophagus"	1988	7.58	7.41	NA	2.7317*	5	5
1	"Oesophagus"	1989	7.56	7.61	NA	2.7317*	5	5
1	"Oesophagus"	1990	7.89	7.82	NA	2.7317*	5	5
1	"Oesophagus"	1991	7.95	8.03	NA	2.7317*	5	5
1	"Oesophagus"	1992	8.13	8.25	NA	2.7317*	5	5
1	"Oesophagus"	1993	8.34	8.48	Joinpoint 4	NA	5	5
1	"Oesophagus"	1994	8.63	8.50	NA	0.2273	5	5
1	"Oesophagus"	1995	8.51	8.52	NA	0.2273	5	5
1	"Oesophagus"	1996	8.51	8.54	NA	0.2273	5	5
1	"Oesophagus"	1997	8.43	8.56	NA	0.2273	5	5
1	"Oesophagus"	1998	8.70	8.58	NA	0.2273	5	5
1	"Oesophagus"	1999	8.54	8.60	NA	0.2273	5	5
1	"Oesophagus"	2000	8.45	8.62	NA	0.2273	5	5
1	"Oesophagus"	2001	8.69	8.63	NA	0.2273	5	5
1	"Oesophagus"	2002	8.77	8.65	NA	0.2273	5	5
1	"Oesophagus"	2003	9.03	8.67	NA	0.2273	5	5
1	"Oesophagus"	2004	8.64	8.69	NA	0.2273	5	5
1	"Oesophagus"	2005	8.81	8.71	NA	0.2273	5	5
1	"Oesophagus"	2006	8.71	8.73	NA	0.2273	5	5
1	"Oesophagus"	2007	8.54	8.75	NA	0.2273	5	5
1	"Oesophagus"	2008	8.81	8.77	Joinpoint 5	NA	5	5
1	"Oesophagus"	2009	8.69	8.67	NA	-1.2294*	5	5
1	"Oesophagus"	2010	8.50	8.56	NA	-1.2294*	5	5
1	"Oesophagus"	2011	8.42	8.45	NA	-1.2294*	5	5
1	"Oesophagus"	2012	8.37	8.35	NA	-1.2294*	5	5
1	"Oesophagus"	2013	8.21	8.25	NA	-1.2294*	5	5
1	"Oesophagus"	2014	7.92	8.15	NA	-1.2294*	5	5
1	"Oesophagus"	2015	8.18	8.05	NA	-1.2294*	5	5
1	"Oesophagus"	2016	8.03	7.95	NA	-1.2294*	5	5
2	"Oesophagus"	1950	2.40	2.40	NA	-0.2202	2	2
2	"Oesophagus"	1951	2.33	2.39	NA	-0.2202	2	2
2	"Oesophagus"	1952	2.37	2.39	NA	-0.2202	2	2
2	"Oesophagus"	1953	2.34	2.38	NA	-0.2202	2	2
2	"Oesophagus"	1954	2.48	2.38	NA	-0.2202	2	2
2	"Oesophagus"	1955	2.46	2.37	NA	-0.2202	2	2
2	"Oesophagus"	1956	2.41	2.37	NA	-0.2202	2	2
2	"Oesophagus"	1957	2.34	2.36	NA	-0.2202	2	2
2	"Oesophagus"	1958	2.37	2.36	NA	-0.2202	2	2
2	"Oesophagus"	1959	2.24	2.35	Joinpoint 1	NA	2	2
2	"Oesophagus"	1960	2.32	2.38	NA	1.0587*	2	2
2	"Oesophagus"	1961	2.42	2.40	NA	1.0587*	2	2
2	"Oesophagus"	1962	2.41	2.43	NA	1.0587*	2	2
2	"Oesophagus"	1963	2.39	2.45	NA	1.0587*	2	2
2	"Oesophagus"	1964	2.62	2.48	NA	1.0587*	2	2
2	"Oesophagus"	1965	2.46	2.50	NA	1.0587*	2	2
2	"Oesophagus"	1966	2.51	2.53	NA	1.0587*	2	2
2	"Oesophagus"	1967	2.56	2.56	NA	1.0587*	2	2
2	"Oesophagus"	1968	2.58	2.59	NA	1.0587*	2	2
2	"Oesophagus"	1969	2.70	2.61	NA	1.0587*	2	2
2	"Oesophagus"	1970	2.62	2.64	NA	1.0587*	2	2
2	"Oesophagus"	1971	2.70	2.67	NA	1.0587*	2	2
2	"Oesophagus"	1972	2.59	2.70	NA	1.0587*	2	2
2	"Oesophagus"	1973	2.74	2.72	NA	1.0587*	2	2
2	"Oesophagus"	1974	2.88	2.75	NA	1.0587*	2	2
2	"Oesophagus"	1975	2.77	2.78	NA	1.0587*	2	2
2	"Oesophagus"	1976	2.89	2.81	NA	1.0587*	2	2
2	"Oesophagus"	1977	2.93	2.84	NA	1.0587*	2	2
2	"Oesophagus"	1978	3.02	2.87	NA	1.0587*	2	2
2	"Oesophagus"	1979	2.85	2.90	NA	1.0587*	2	2
2	"Oesophagus"	1980	2.92	2.93	NA	1.0587*	2	2
2	"Oesophagus"	1981	2.83	2.96	NA	1.0587*	2	2
2	"Oesophagus"	1982	2.95	3.00	NA	1.0587*	2	2
2	"Oesophagus"	1983	2.98	3.03	NA	1.0587*	2	2
2	"Oesophagus"	1984	3.15	3.06	NA	1.0587*	2	2
2	"Oesophagus"	1985	3.10	3.09	NA	1.0587*	2	2
2	"Oesophagus"	1986	3.11	3.12	NA	1.0587*	2	2
2	"Oesophagus"	1987	3.06	3.16	NA	1.0587*	2	2
2	"Oesophagus"	1988	3.04	3.19	NA	1.0587*	2	2
2	"Oesophagus"	1989	3.27	3.22	NA	1.0587*	2	2
2	"Oesophagus"	1990	3.33	3.26	NA	1.0587*	2	2
2	"Oesophagus"	1991	3.26	3.29	NA	1.0587*	2	2
2	"Oesophagus"	1992	3.30	3.33	NA	1.0587*	2	2
2	"Oesophagus"	1993	3.40	3.36	NA	1.0587*	2	2
2	"Oesophagus"	1994	3.33	3.40	NA	1.0587*	2	2
2	"Oesophagus"	1995	3.44	3.44	Joinpoint 2	NA	2	2
2	"Oesophagus"	1996	3.37	3.39	NA	-1.1757*	2	2
2	"Oesophagus"	1997	3.32	3.35	NA	-1.1757*	2	2
2	"Oesophagus"	1998	3.13	3.32	NA	-1.1757*	2	2
2	"Oesophagus"	1999	3.43	3.28	NA	-1.1757*	2	2
2	"Oesophagus"	2000	3.28	3.24	NA	-1.1757*	2	2
2	"Oesophagus"	2001	3.14	3.20	NA	-1.1757*	2	2
2	"Oesophagus"	2002	3.30	3.16	NA	-1.1757*	2	2
2	"Oesophagus"	2003	3.16	3.13	NA	-1.1757*	2	2
2	"Oesophagus"	2004	3.10	3.09	NA	-1.1757*	2	2
2	"Oesophagus"	2005	3.10	3.05	NA	-1.1757*	2	2
2	"Oesophagus"	2006	3.11	3.02	NA	-1.1757*	2	2
2	"Oesophagus"	2007	3.08	2.98	NA	-1.1757*	2	2
2	"Oesophagus"	2008	3.07	2.95	NA	-1.1757*	2	2
2	"Oesophagus"	2009	2.88	2.91	NA	-1.1757*	2	2
2	"Oesophagus"	2010	2.82	2.88	NA	-1.1757*	2	2
2	"Oesophagus"	2011	2.74	2.84	NA	-1.1757*	2	2
2	"Oesophagus"	2012	2.76	2.81	NA	-1.1757*	2	2
2	"Oesophagus"	2013	2.75	2.78	NA	-1.1757*	2	2
2	"Oesophagus"	2014	2.77	2.74	NA	-1.1757*	2	2
2	"Oesophagus"	2015	2.66	2.71	NA	-1.1757*	2	2
2	"Oesophagus"	2016	2.68	2.68	NA	-1.1757*	2	2
1	"Pancreas"	1955	6.42	6.38	NA	1.7453*	3	3
1	"Pancreas"	1956	6.35	6.49	NA	1.7453*	3	3
1	"Pancreas"	1957	6.62	6.61	NA	1.7453*	3	3
1	"Pancreas"	1958	6.85	6.72	NA	1.7453*	3	3
1	"Pancreas"	1959	7.11	6.84	NA	1.7453*	3	3
1	"Pancreas"	1960	6.87	6.96	NA	1.7453*	3	3
1	"Pancreas"	1961	6.90	7.08	NA	1.7453*	3	3
1	"Pancreas"	1962	6.95	7.20	NA	1.7453*	3	3
1	"Pancreas"	1963	7.34	7.33	NA	1.7453*	3	3
1	"Pancreas"	1964	7.61	7.46	NA	1.7453*	3	3
1	"Pancreas"	1965	7.65	7.59	NA	1.7453*	3	3
1	"Pancreas"	1966	7.82	7.72	NA	1.7453*	3	3
1	"Pancreas"	1967	7.66	7.86	NA	1.7453*	3	3
1	"Pancreas"	1968	8.07	7.99	NA	1.7453*	3	3
1	"Pancreas"	1969	8.21	8.13	Joinpoint 1	NA	3	3
1	"Pancreas"	1970	8.19	8.15	NA	0.2283	3	3
1	"Pancreas"	1971	8.25	8.17	NA	0.2283	3	3
1	"Pancreas"	1972	8.23	8.19	NA	0.2283	3	3
1	"Pancreas"	1973	8.01	8.21	NA	0.2283	3	3
1	"Pancreas"	1974	8.09	8.23	NA	0.2283	3	3
1	"Pancreas"	1975	8.40	8.24	NA	0.2283	3	3
1	"Pancreas"	1976	8.06	8.26	NA	0.2283	3	3
1	"Pancreas"	1977	8.25	8.28	NA	0.2283	3	3
1	"Pancreas"	1978	8.41	8.30	NA	0.2283	3	3
1	"Pancreas"	1979	8.51	8.32	Joinpoint 2	NA	3	3
1	"Pancreas"	1980	8.48	8.20	NA	-1.4544*	3	3
1	"Pancreas"	1981	7.85	8.08	NA	-1.4544*	3	3
1	"Pancreas"	1982	7.57	7.96	NA	-1.4544*	3	3
1	"Pancreas"	1983	7.80	7.85	NA	-1.4544*	3	3
1	"Pancreas"	1984	7.81	7.73	NA	-1.4544*	3	3
1	"Pancreas"	1985	7.70	7.62	NA	-1.4544*	3	3
1	"Pancreas"	1986	7.44	7.51	NA	-1.4544*	3	3
1	"Pancreas"	1987	7.46	7.40	NA	-1.4544*	3	3
1	"Pancreas"	1988	7.24	7.29	NA	-1.4544*	3	3
1	"Pancreas"	1989	7.28	7.19	NA	-1.4544*	3	3
1	"Pancreas"	1990	7.31	7.08	NA	-1.4544*	3	3
1	"Pancreas"	1991	7.06	6.98	NA	-1.4544*	3	3
1	"Pancreas"	1992	7.01	6.88	NA	-1.4544*	3	3
1	"Pancreas"	1993	6.81	6.78	NA	-1.4544*	3	3
1	"Pancreas"	1994	6.43	6.68	NA	-1.4544*	3	3
1	"Pancreas"	1995	6.42	6.58	NA	-1.4544*	3	3
1	"Pancreas"	1996	6.56	6.49	NA	-1.4544*	3	3
1	"Pancreas"	1997	6.38	6.39	NA	-1.4544*	3	3
1	"Pancreas"	1998	6.35	6.30	Joinpoint 3	NA	3	3
1	"Pancreas"	1999	6.26	6.32	NA	0.2928*	3	3
1	"Pancreas"	2000	6.57	6.34	NA	0.2928*	3	3
1	"Pancreas"	2001	6.25	6.35	NA	0.2928*	3	3
1	"Pancreas"	2002	6.37	6.37	NA	0.2928*	3	3
1	"Pancreas"	2003	6.47	6.39	NA	0.2928*	3	3
1	"Pancreas"	2004	6.20	6.41	NA	0.2928*	3	3
1	"Pancreas"	2005	6.26	6.43	NA	0.2928*	3	3
1	"Pancreas"	2006	6.48	6.45	NA	0.2928*	3	3
1	"Pancreas"	2007	6.62	6.47	NA	0.2928*	3	3
1	"Pancreas"	2008	6.50	6.49	NA	0.2928*	3	3
1	"Pancreas"	2009	6.50	6.50	NA	0.2928*	3	3
1	"Pancreas"	2010	6.35	6.52	NA	0.2928*	3	3
1	"Pancreas"	2011	6.71	6.54	NA	0.2928*	3	3
1	"Pancreas"	2012	6.63	6.56	NA	0.2928*	3	3
1	"Pancreas"	2013	6.51	6.58	NA	0.2928*	3	3
1	"Pancreas"	2014	6.59	6.60	NA	0.2928*	3	3
1	"Pancreas"	2015	6.48	6.62	NA	0.2928*	3	3
1	"Pancreas"	2016	6.79	6.64	NA	0.2928*	3	3
2	"Pancreas"	1955	4.13	4.07	NA	1.1365*	3	3
2	"Pancreas"	1956	3.92	4.12	NA	1.1365*	3	3
2	"Pancreas"	1957	4.14	4.17	NA	1.1365*	3	3
2	"Pancreas"	1958	4.19	4.21	NA	1.1365*	3	3
2	"Pancreas"	1959	4.37	4.26	NA	1.1365*	3	3
2	"Pancreas"	1960	4.33	4.31	NA	1.1365*	3	3
2	"Pancreas"	1961	4.40	4.36	NA	1.1365*	3	3
2	"Pancreas"	1962	4.50	4.41	NA	1.1365*	3	3
2	"Pancreas"	1963	4.46	4.46	NA	1.1365*	3	3
2	"Pancreas"	1964	4.38	4.51	NA	1.1365*	3	3
2	"Pancreas"	1965	4.57	4.56	NA	1.1365*	3	3
2	"Pancreas"	1966	4.75	4.61	NA	1.1365*	3	3
2	"Pancreas"	1967	4.69	4.66	NA	1.1365*	3	3
2	"Pancreas"	1968	4.75	4.72	NA	1.1365*	3	3
2	"Pancreas"	1969	4.76	4.77	NA	1.1365*	3	3
2	"Pancreas"	1970	4.82	4.82	NA	1.1365*	3	3
2	"Pancreas"	1971	4.85	4.88	NA	1.1365*	3	3
2	"Pancreas"	1972	4.84	4.94	NA	1.1365*	3	3
2	"Pancreas"	1973	4.98	4.99	NA	1.1365*	3	3
2	"Pancreas"	1974	5.16	5.05	Joinpoint 1	NA	3	3
2	"Pancreas"	1975	4.98	5.06	NA	0.1689	3	3
2	"Pancreas"	1976	5.16	5.06	NA	0.1689	3	3
2	"Pancreas"	1977	5.11	5.07	NA	0.1689	3	3
2	"Pancreas"	1978	5.04	5.08	NA	0.1689	3	3
2	"Pancreas"	1979	5.13	5.09	NA	0.1689	3	3
2	"Pancreas"	1980	5.19	5.10	NA	0.1689	3	3
2	"Pancreas"	1981	4.88	5.11	NA	0.1689	3	3
2	"Pancreas"	1982	4.98	5.12	NA	0.1689	3	3
2	"Pancreas"	1983	4.94	5.13	NA	0.1689	3	3
2	"Pancreas"	1984	5.22	5.13	NA	0.1689	3	3
2	"Pancreas"	1985	5.19	5.14	NA	0.1689	3	3
2	"Pancreas"	1986	5.19	5.15	NA	0.1689	3	3
2	"Pancreas"	1987	5.17	5.16	NA	0.1689	3	3
2	"Pancreas"	1988	5.19	5.17	NA	0.1689	3	3
2	"Pancreas"	1989	5.22	5.18	Joinpoint 2	NA	3	3
2	"Pancreas"	1990	5.24	5.10	NA	-1.5259*	3	3
2	"Pancreas"	1991	4.81	5.02	NA	-1.5259*	3	3
2	"Pancreas"	1992	4.98	4.94	NA	-1.5259*	3	3
2	"Pancreas"	1993	4.95	4.87	NA	-1.5259*	3	3
2	"Pancreas"	1994	4.78	4.79	NA	-1.5259*	3	3
2	"Pancreas"	1995	4.83	4.72	NA	-1.5259*	3	3
2	"Pancreas"	1996	4.62	4.65	Joinpoint 3	NA	3	3
2	"Pancreas"	1997	4.62	4.67	NA	0.5298*	3	3
2	"Pancreas"	1998	4.56	4.70	NA	0.5298*	3	3
2	"Pancreas"	1999	4.78	4.72	NA	0.5298*	3	3
2	"Pancreas"	2000	4.82	4.75	NA	0.5298*	3	3
2	"Pancreas"	2001	4.72	4.77	NA	0.5298*	3	3
2	"Pancreas"	2002	4.73	4.80	NA	0.5298*	3	3
2	"Pancreas"	2003	4.68	4.82	NA	0.5298*	3	3
2	"Pancreas"	2004	4.84	4.85	NA	0.5298*	3	3
2	"Pancreas"	2005	4.99	4.88	NA	0.5298*	3	3
2	"Pancreas"	2006	4.82	4.90	NA	0.5298*	3	3
2	"Pancreas"	2007	5.11	4.93	NA	0.5298*	3	3
2	"Pancreas"	2008	5.04	4.95	NA	0.5298*	3	3
2	"Pancreas"	2009	5.13	4.98	NA	0.5298*	3	3
2	"Pancreas"	2010	4.95	5.01	NA	0.5298*	3	3
2	"Pancreas"	2011	5.05	5.03	NA	0.5298*	3	3
2	"Pancreas"	2012	5.29	5.06	NA	0.5298*	3	3
2	"Pancreas"	2013	5.03	5.09	NA	0.5298*	3	3
2	"Pancreas"	2014	4.99	5.11	NA	0.5298*	3	3
2	"Pancreas"	2015	5.11	5.14	NA	0.5298*	3	3
2	"Pancreas"	2016	5.02	5.17	NA	0.5298*	3	3
1	"Prostate"	1950	10.78	10.73	NA	1.0034*	5	5
1	"Prostate"	1951	10.78	10.84	NA	1.0034*	5	5
1	"Prostate"	1952	10.45	10.95	NA	1.0034*	5	5
1	"Prostate"	1953	10.91	11.06	NA	1.0034*	5	5
1	"Prostate"	1954	11.35	11.17	NA	1.0034*	5	5
1	"Prostate"	1955	11.26	11.28	NA	1.0034*	5	5
1	"Prostate"	1956	12.04	11.40	NA	1.0034*	5	5
1	"Prostate"	1957	11.56	11.51	NA	1.0034*	5	5
1	"Prostate"	1958	11.88	11.63	NA	1.0034*	5	5
1	"Prostate"	1959	11.76	11.74	NA	1.0034*	5	5
1	"Prostate"	1960	11.93	11.86	NA	1.0034*	5	5
1	"Prostate"	1961	11.75	11.98	NA	1.0034*	5	5
1	"Prostate"	1962	12.24	12.10	NA	1.0034*	5	5
1	"Prostate"	1963	12.34	12.22	NA	1.0034*	5	5
1	"Prostate"	1964	11.86	12.34	NA	1.0034*	5	5
1	"Prostate"	1965	12.63	12.47	Joinpoint 1	NA	5	5
1	"Prostate"	1966	12.21	12.30	NA	-1.3580	5	5
1	"Prostate"	1967	11.93	12.13	NA	-1.3580	5	5
1	"Prostate"	1968	11.95	11.97	NA	-1.3580	5	5
1	"Prostate"	1969	12.04	11.81	NA	-1.3580	5	5
1	"Prostate"	1970	11.55	11.64	Joinpoint 2	NA	5	5
1	"Prostate"	1971	11.61	11.72	NA	0.6478*	5	5
1	"Prostate"	1972	11.81	11.80	NA	0.6478*	5	5
1	"Prostate"	1973	11.97	11.87	NA	0.6478*	5	5
1	"Prostate"	1974	12.03	11.95	NA	0.6478*	5	5
1	"Prostate"	1975	11.89	12.03	NA	0.6478*	5	5
1	"Prostate"	1976	12.24	12.10	NA	0.6478*	5	5
1	"Prostate"	1977	12.17	12.18	NA	0.6478*	5	5
1	"Prostate"	1978	12.14	12.26	NA	0.6478*	5	5
1	"Prostate"	1979	12.39	12.34	NA	0.6478*	5	5
1	"Prostate"	1980	12.64	12.42	NA	0.6478*	5	5
1	"Prostate"	1981	12.42	12.50	NA	0.6478*	5	5
1	"Prostate"	1982	12.55	12.58	Joinpoint 3	NA	5	5
1	"Prostate"	1983	13.02	13.30	NA	5.7116	5	5
1	"Prostate"	1984	14.43	14.06	NA	5.7116	5	5
1	"Prostate"	1985	14.89	14.86	Joinpoint 4	NA	5	5
1	"Prostate"	1986	15.18	15.20	NA	2.2409*	5	5
1	"Prostate"	1987	15.32	15.54	NA	2.2409*	5	5
1	"Prostate"	1988	15.80	15.89	NA	2.2409*	5	5
1	"Prostate"	1989	16.33	16.24	NA	2.2409*	5	5
1	"Prostate"	1990	16.52	16.61	NA	2.2409*	5	5
1	"Prostate"	1991	17.23	16.98	NA	2.2409*	5	5
1	"Prostate"	1992	17.36	17.36	Joinpoint 5	NA	5	5
1	"Prostate"	1993	16.97	17.13	NA	-1.3264*	5	5
1	"Prostate"	1994	16.98	16.90	NA	-1.3264*	5	5
1	"Prostate"	1995	17.07	16.68	NA	-1.3264*	5	5
1	"Prostate"	1996	16.54	16.46	NA	-1.3264*	5	5
1	"Prostate"	1997	15.92	16.24	NA	-1.3264*	5	5
1	"Prostate"	1998	15.73	16.02	NA	-1.3264*	5	5
1	"Prostate"	1999	15.60	15.81	NA	-1.3264*	5	5
1	"Prostate"	2000	14.92	15.60	NA	-1.3264*	5	5
1	"Prostate"	2001	15.74	15.39	NA	-1.3264*	5	5
1	"Prostate"	2002	15.61	15.19	NA	-1.3264*	5	5
1	"Prostate"	2003	15.59	14.99	NA	-1.3264*	5	5
1	"Prostate"	2004	15.28	14.79	NA	-1.3264*	5	5
1	"Prostate"	2005	14.59	14.59	NA	-1.3264*	5	5
1	"Prostate"	2006	14.27	14.40	NA	-1.3264*	5	5
1	"Prostate"	2007	14.14	14.21	NA	-1.3264*	5	5
1	"Prostate"	2008	13.72	14.02	NA	-1.3264*	5	5
1	"Prostate"	2009	13.62	13.83	NA	-1.3264*	5	5
1	"Prostate"	2010	13.58	13.65	NA	-1.3264*	5	5
1	"Prostate"	2011	13.41	13.47	NA	-1.3264*	5	5
1	"Prostate"	2012	13.11	13.29	NA	-1.3264*	5	5
1	"Prostate"	2013	12.79	13.11	NA	-1.3264*	5	5
1	"Prostate"	2014	12.99	12.94	NA	-1.3264*	5	5
1	"Prostate"	2015	13.25	12.77	NA	-1.3264*	5	5
1	"Prostate"	2016	12.67	12.60	NA	-1.3264*	5	5
