"age_group"	"sex"	"exposure"	"Model"	"# Joinpoints"	"# Observations"	"# Parameters"	"D.F."	"SSE"	"BIC"	"BIC3"	"Weight"	"WBIC"
20-49	Men	BMI_obese_men	1	0	21	2	19	       0.1200844	      -4.8741280	      -4.8741280	       0.0000000	      -4.8741280
20-49	Men	BMI_obese_men	2	1	21	4	17	       0.0595660	      -5.2852834	      -5.1403062	       0.5039656	      -5.2122199
20-49	Men	BMI_obese_men	3	2	21	6	15	       0.0545051	      -5.0841198	      -4.7941653	       0.5444840	      -4.9262442
20-49	Men	BMI_obese_men	4	3	21	8	13	       0.0486038	      -4.9087584	      -4.4738266	       0.9045103	      -4.5153581
50+	Men	BMI_obese_men	1	0	21	2	19	       0.0754186	      -5.3392693	      -5.3392693	       0.0000000	      -5.3392693
50+	Men	BMI_obese_men	2	1	21	4	17	       0.0280298	      -6.0391012	      -5.8941240	       0.6283440	      -5.9480057
50+	Men	BMI_obese_men	3	2	21	6	15	       0.0231296	      -5.9413031	      -5.6513486	       0.2775436	      -5.8608281
50+	Men	BMI_obese_men	4	3	21	8	13	       0.0201362	      -5.7899391	      -5.3550073	       0.4370545	      -5.5998502
20-49	Women	BMI_obese_women	1	0	21	2	19	       0.0678525	      -5.4449870	      -5.4449870	       0.0000000	      -5.4449870
20-49	Women	BMI_obese_women	2	1	21	4	17	       0.0523350	      -5.4147031	      -5.2697259	       0.2286944	      -5.3815476
20-49	Women	BMI_obese_women	3	2	21	6	15	       0.0388879	      -5.4217306	      -5.1317761	       0.4662140	      -5.2865498
20-49	Women	BMI_obese_women	4	3	21	8	13	       0.0377805	      -5.1606659	      -4.7257341	       0.3360361	      -5.0145131
50+	Women	BMI_obese_women	1	0	21	2	19	       0.0309678	      -6.2293742	      -6.2293742	       0.0000000	      -6.2293742
50+	Women	BMI_obese_women	2	1	21	4	17	       0.0282066	      -6.0328143	      -5.8878371	       0.0891660	      -6.0198873
50+	Women	BMI_obese_women	3	2	21	6	15	       0.0190952	      -6.1329750	      -5.8430205	       0.6530201	      -5.9436289
50+	Women	BMI_obese_women	4	3	21	8	13	       0.0187829	      -5.8595142	      -5.4245824	       0.6530201	      -5.5754950
20-49	Men	BMI_overweight_men	1	0	21	2	19	       0.0165517	      -6.8558372	      -6.8558372	       0.0000000	      -6.8558372
20-49	Men	BMI_overweight_men	2	1	21	4	17	       0.0139318	      -6.7381925	      -6.5932152	       0.1582817	      -6.7152453
20-49	Men	BMI_overweight_men	3	2	21	6	15	       0.0131044	      -6.5094660	      -6.2195115	       0.6246307	      -6.3283515
20-49	Men	BMI_overweight_men	4	3	21	8	13	       0.0127357	      -6.2480512	      -5.8131194	       0.6246307	      -5.9763794
50+	Men	BMI_overweight_men	1	0	21	2	19	       0.0102198	      -7.3379932	      -7.3379932	       0.0000000	      -7.3379932
50+	Men	BMI_overweight_men	2	1	21	4	17	       0.0087831	      -7.1995411	      -7.0545638	       0.1405842	      -7.1791596
50+	Men	BMI_overweight_men	3	2	21	6	15	       0.0061994	      -7.2579635	      -6.9680090	       0.6122360	      -7.0804429
50+	Men	BMI_overweight_men	4	3	21	8	13	       0.0054941	      -7.0887869	      -6.6538551	       0.4825568	      -6.8789076
20-49	Women	BMI_overweight_women	1	0	21	2	19	       0.0150663	      -6.9498640	      -6.9498640	       0.0000000	      -6.9498640
20-49	Women	BMI_overweight_women	2	1	21	4	17	       0.0118006	      -6.9042212	      -6.7592439	       0.2167565	      -6.8727964
20-49	Women	BMI_overweight_women	3	2	21	6	15	       0.0106969	      -6.7124562	      -6.4225017	       0.1802710	      -6.6601858
20-49	Women	BMI_overweight_women	4	3	21	8	13	       0.0093036	      -6.5620545	      -6.1271227	       0.2822928	      -6.4392764
50+	Women	BMI_overweight_women	1	0	21	2	19	       0.0115450	      -7.2160676	      -7.2160676	       0.0000000	      -7.2160676
50+	Women	BMI_overweight_women	2	1	21	4	17	       0.0093426	      -7.1377821	      -6.9928048	       0.1907675	      -7.1101251
50+	Women	BMI_overweight_women	3	2	21	6	15	       0.0085521	      -6.9362340	      -6.6462795	       0.1196581	      -6.9015386
50+	Women	BMI_overweight_women	4	3	21	8	13	       0.0069359	      -6.8557497	      -6.4208180	       0.6760395	      -6.5617187
20-49	Men	Current_Smoking_men	1	0	25	2	23	       0.0395875	      -6.1906075	      -6.1906075	       0.0000000	      -6.1906075
20-49	Men	Current_Smoking_men	2	1	25	4	21	       0.0319805	      -6.1464838	      -6.0177288	       0.1921561	      -6.1217428
20-49	Men	Current_Smoking_men	3	2	25	6	19	       0.0305064	      -5.9361656	      -5.6786555	       0.1533543	      -5.8966753
20-49	Men	Current_Smoking_men	4	3	25	8	17	       0.0281131	      -5.7603549	      -5.3740898	       0.2179453	      -5.6761702
20-49	Men	Current_Smoking_men	5	4	25	10	15	       0.0249251	      -5.6232069	      -5.1081868	       0.2179453	      -5.5109607
50+	Men	Current_Smoking_men	1	0	25	2	23	       0.0971540	      -5.2928232	      -5.2928232	       0.0000000	      -5.2928232
50+	Men	Current_Smoking_men	2	1	25	4	21	       0.0836687	      -5.1847457	      -5.0559906	       0.1388035	      -5.1668740
50+	Men	Current_Smoking_men	3	2	25	6	19	       0.0748783	      -5.0382370	      -4.7807269	       0.2061843	      -4.9851425
50+	Men	Current_Smoking_men	4	3	25	8	17	       0.0696067	      -4.8537300	      -4.4674649	       0.6519112	      -4.6019195
50+	Men	Current_Smoking_men	5	4	25	10	15	       0.0679748	      -4.6199437	      -4.1049236	       0.6616095	      -4.2792015
20-49	Women	Current_Smoking_women	1	0	25	2	23	       0.0701106	      -5.6190468	      -5.6190468	       0.0000000	      -5.6190468
20-49	Women	Current_Smoking_women	2	1	25	4	21	       0.0424593	      -5.8630649	      -5.7343099	       0.3943955	      -5.8122845
20-49	Women	Current_Smoking_women	3	2	25	6	19	       0.0319129	      -5.8910909	      -5.6335809	       0.6157757	      -5.7325225
20-49	Women	Current_Smoking_women	4	3	25	8	17	       0.0286965	      -5.7398146	      -5.3535495	       0.6339980	      -5.4949234
20-49	Women	Current_Smoking_women	5	4	25	10	15	       0.0280442	      -5.5052975	      -4.9902774	       0.3927058	      -5.3030461
50+	Women	Current_Smoking_women	1	0	25	2	23	       0.0334238	      -6.3598532	      -6.3598532	       0.0000000	      -6.3598532
50+	Women	Current_Smoking_women	2	1	25	4	21	       0.0324974	      -6.1304512	      -6.0016962	       0.0277168	      -6.1268826
50+	Women	Current_Smoking_women	3	2	25	6	19	       0.0304885	      -5.9367525	      -5.6792424	       0.1755070	      -5.8915576
50+	Women	Current_Smoking_women	4	3	25	8	17	       0.0257142	      -5.8495490	      -5.4632839	       0.2840687	      -5.7398231
50+	Women	Current_Smoking_women	5	4	25	10	15	       0.0239607	      -5.6626663	      -5.1476462	       0.4116677	      -5.4506492
20-49	Men	Former_Smoking_men	1	0	25	2	23	       0.1104286	      -5.1647518	      -5.1647518	       0.0000000	      -5.1647518
20-49	Men	Former_Smoking_men	2	1	25	4	21	       0.0550329	      -5.6036805	      -5.4749255	       0.5016431	      -5.5390914
20-49	Men	Former_Smoking_men	3	2	25	6	19	       0.0357406	      -5.7778130	      -5.5203029	       0.6741379	      -5.6042157
20-49	Men	Former_Smoking_men	4	3	25	8	17	       0.0324087	      -5.6181650	      -5.2318999	       0.5237920	      -5.4158425
20-49	Men	Former_Smoking_men	5	4	25	10	15	       0.0302916	      -5.4282088	      -4.9131887	       0.5585313	      -5.1405540
50+	Men	Former_Smoking_men	1	0	25	2	23	       0.0215032	      -6.8009174	      -6.8009174	       0.0000000	      -6.8009174
50+	Men	Former_Smoking_men	2	1	25	4	21	       0.0183074	      -6.7043046	      -6.5755495	       0.1486204	      -6.6851689
50+	Men	Former_Smoking_men	3	2	25	6	19	       0.0135298	      -6.7492089	      -6.4916988	       0.4782787	      -6.6260473
50+	Men	Former_Smoking_men	4	3	25	8	17	       0.0132741	      -6.5107766	      -6.1245115	       0.6144843	      -6.2734227
50+	Men	Former_Smoking_men	5	4	25	10	15	       0.0125473	      -6.3095742	      -5.7945540	       0.6379198	      -5.9810326
20-49	Women	Former_Smoking_women	1	0	25	2	23	       0.0987695	      -5.2763317	      -5.2763317	       0.0000000	      -5.2763317
20-49	Women	Former_Smoking_women	2	1	25	4	21	       0.0697727	      -5.3663687	      -5.2376137	       0.2935812	      -5.3285686
20-49	Women	Former_Smoking_women	3	2	25	6	19	       0.0394504	      -5.6790556	      -5.4215456	       0.6093522	      -5.5221413
20-49	Women	Former_Smoking_women	4	3	25	8	17	       0.0380132	      -5.4586584	      -5.0723933	       0.6451809	      -5.2094475
20-49	Women	Former_Smoking_women	5	4	25	10	15	       0.0303673	      -5.4257144	      -4.9106943	       0.9627630	      -4.9298721
50+	Women	Former_Smoking_women	1	0	25	2	23	       0.0425417	      -6.1186363	      -6.1186363	       0.0000000	      -6.1186363
50+	Women	Former_Smoking_women	2	1	25	4	21	       0.0386172	      -5.9579140	      -5.8291590	       0.0922513	      -5.9460362
50+	Women	Former_Smoking_women	3	2	25	6	19	       0.0366722	      -5.7520828	      -5.4945728	       0.0997711	      -5.7263908
50+	Women	Former_Smoking_women	4	3	25	8	17	       0.0348717	      -5.5449147	      -5.1586496	       0.5265325	      -5.3415336
50+	Women	Former_Smoking_women	5	4	25	10	15	       0.0330729	      -5.3403659	      -4.8253458	       0.4625717	      -5.1021322
20-49	Men	Healthy Weight	1	0	21	2	19	       0.0490649	      -5.7691797	      -5.7691797	       0.0000000	      -5.7691797
20-49	Men	Healthy Weight	2	1	21	4	17	       0.0275415	      -6.0566759	      -5.9116986	       0.4386725	      -5.9930783
20-49	Men	Healthy Weight	3	2	21	6	15	       0.0270544	      -5.7845630	      -5.4946085	       0.4544438	      -5.6527950
20-49	Men	Healthy Weight	4	3	21	8	13	       0.0244259	      -5.5968174	      -5.1618856	       0.3602804	      -5.4401200
20-49	Women	Healthy Weight	1	0	21	2	19	       0.0159354	      -6.8937814	      -6.8937814	       0.0000000	      -6.8937814
20-49	Women	Healthy Weight	2	1	21	4	17	       0.0137166	      -6.7537620	      -6.6087848	       0.1392362	      -6.7335760
20-49	Women	Healthy Weight	3	2	21	6	15	       0.0107490	      -6.7075977	      -6.4176431	       0.3985912	      -6.5920243
20-49	Women	Healthy Weight	4	3	21	8	13	       0.0104381	      -6.4469937	      -6.0120619	       0.3656107	      -6.2879779
50+	Men	Healthy Weight	1	0	21	2	19	       0.0720202	      -5.3853760	      -5.3853760	       0.0000000	      -5.3853760
50+	Men	Healthy Weight	2	1	21	4	17	       0.0554406	      -5.3570564	      -5.2120791	       0.2302080	      -5.3236815
50+	Men	Healthy Weight	3	2	21	6	15	       0.0461809	      -5.2498473	      -4.9598928	       0.2218766	      -5.1855132
50+	Men	Healthy Weight	4	3	21	8	13	       0.0439346	      -5.0097583	      -4.5748266	       0.6019556	      -4.7479487
50+	Women	Healthy Weight	1	0	21	2	19	       0.0232990	      -6.5139145	      -6.5139145	       0.0000000	      -6.5139145
50+	Women	Healthy Weight	2	1	21	4	17	       0.0153305	      -6.6425258	      -6.4975485	       0.3420102	      -6.5929421
50+	Women	Healthy Weight	3	2	21	6	15	       0.0093514	      -6.8468838	      -6.5569293	       0.5276235	      -6.6938970
50+	Women	Healthy Weight	4	3	21	8	13	       0.0082907	      -6.6773298	      -6.2423980	       0.4712226	      -6.4723801
20-49	Men	Heavy_alcohol	1	0	10	2	8	       0.0429023	      -4.9908978	      -4.9908978	       0.0000000	      -4.9908978
20-49	Men	Heavy_alcohol	2	1	10	4	6	       0.0415718	      -4.5618848	      -4.3316263	       0.0310129	      -4.5547438
20-49	Women	Heavy_alcohol	1	0	10	2	8	       0.3289482	      -2.9539231	      -2.9539231	       0.0000000	      -2.9539231
20-49	Women	Heavy_alcohol	2	1	10	4	6	       0.2746873	      -2.6736730	      -2.4434145	       0.1649527	      -2.6356913
50+	Men	Heavy_alcohol	1	0	10	2	8	       0.0974139	      -4.1708547	      -4.1708547	       0.0000000	      -4.1708547
50+	Men	Heavy_alcohol	2	1	10	4	6	       0.0930595	      -3.7560673	      -3.5258088	       0.0446998	      -3.7457748
50+	Women	Heavy_alcohol	1	0	10	2	8	       0.3690131	      -2.8389912	      -2.8389912	       0.0000000	      -2.8389912
50+	Women	Heavy_alcohol	2	1	10	4	6	       0.0939532	      -3.7465091	      -3.5162506	       0.7453932	      -3.5748759
20-49	Men	Light_alcohol	1	0	10	2	8	       0.0049802	      -7.1443499	      -7.1443499	       0.0000000	      -7.1443499
20-49	Men	Light_alcohol	2	1	10	4	6	       0.0043991	      -6.8079002	      -6.5776417	       0.1166796	      -6.7810337
20-49	Women	Light_alcohol	1	0	10	2	8	       0.0056324	      -7.0212942	      -7.0212942	       0.0000000	      -7.0212942
20-49	Women	Light_alcohol	2	1	10	4	6	       0.0047390	      -6.7334856	      -6.5032271	       0.1586171	      -6.6969627
50+	Men	Light_alcohol	1	0	10	2	8	       0.0206142	      -5.7238411	      -5.7238411	       0.0000000	      -5.7238411
50+	Men	Light_alcohol	2	1	10	4	6	       0.0119430	      -5.8091628	      -5.5789043	       0.4206444	      -5.7123059
50+	Women	Light_alcohol	1	0	10	2	8	       0.0093097	      -6.5187665	      -6.5187665	       0.0000000	      -6.5187665
50+	Women	Light_alcohol	2	1	10	4	6	       0.0031635	      -7.1376128	      -6.9073543	       0.6601882	      -6.9855989
20-49	Men	Medium_alcohol	1	0	10	2	8	       0.0025147	      -7.8276794	      -7.8276794	       0.0000000	      -7.8276794
20-49	Men	Medium_alcohol	2	1	10	4	6	       0.0019671	      -7.6127299	      -7.3824714	       0.2177395	      -7.5625935
20-49	Women	Medium_alcohol	1	0	10	2	8	       0.0299072	      -5.3517230	      -5.3517230	       0.0000000	      -5.3517230
20-49	Women	Medium_alcohol	2	1	10	4	6	       0.0238249	      -5.1185761	      -4.8883176	       0.2033741	      -5.0717474
50+	Men	Medium_alcohol	1	0	10	2	8	       0.0237067	      -5.5840655	      -5.5840655	       0.0000000	      -5.5840655
50+	Men	Medium_alcohol	2	1	10	4	6	       0.0172552	      -5.4411937	      -5.2109352	       0.2721390	      -5.3785314
50+	Women	Medium_alcohol	1	0	10	2	8	       0.0365678	      -5.1506554	      -5.1506554	       0.0000000	      -5.1506554
50+	Women	Medium_alcohol	2	1	10	4	6	       0.0059164	      -6.5115852	      -6.2813267	       0.8382085	      -6.3185806
20-49	Men	Never	1	0	25	2	23	       0.0213599	      -6.8076055	      -6.8076055	       0.0000000	      -6.8076055
20-49	Men	Never	2	1	25	4	21	       0.0164687	      -6.8101497	      -6.6813947	       0.2289903	      -6.7806661
20-49	Men	Never	3	2	25	6	19	       0.0122146	      -6.8514706	      -6.5939605	       0.4935861	      -6.7243672
20-49	Men	Never	4	3	25	8	17	       0.0119862	      -6.6128326	      -6.2265675	       0.4935861	      -6.4221775
20-49	Men	Never	5	4	25	10	15	       0.0119472	      -6.3585812	      -5.8435610	       0.3218830	      -6.1928049
20-49	Women	Never	1	0	25	2	23	       0.0094008	      -7.6283282	      -7.6283282	       0.0000000	      -7.6283282
20-49	Women	Never	2	1	25	4	21	       0.0085084	      -7.4705515	      -7.3417965	       0.0949213	      -7.4583299
20-49	Women	Never	3	2	25	6	19	       0.0067018	      -7.4517297	      -7.1942196	       0.7731413	      -7.2526380
20-49	Women	Never	4	3	25	8	17	       0.0053024	      -7.4284363	      -7.0421712	       0.7731413	      -7.1297988
20-49	Women	Never	5	4	25	10	15	       0.0049741	      -7.2348382	      -6.7198181	       0.7731413	      -6.8366549
50+	Men	Never	1	0	25	2	23	       0.0270926	      -6.5698596	      -6.5698596	       0.0000000	      -6.5698596
50+	Men	Never	2	1	25	4	21	       0.0250713	      -6.3898862	      -6.2611311	       0.0746068	      -6.3802802
50+	Men	Never	3	2	25	6	19	       0.0206894	      -6.3244816	      -6.0669715	       0.5861023	      -6.1735544
50+	Men	Never	4	3	25	8	17	       0.0192694	      -6.1380724	      -5.7518073	       0.5861023	      -5.9116815
50+	Men	Never	5	4	25	10	15	       0.0164707	      -6.0375003	      -5.5224801	       0.5861023	      -5.7356458
50+	Women	Never	1	0	25	2	23	       0.0116365	      -7.4149774	      -7.4149774	       0.0000000	      -7.4149774
50+	Women	Never	2	1	25	4	21	       0.0112383	      -7.1922876	      -7.0635326	       0.0342210	      -7.1878815
50+	Women	Never	3	2	25	6	19	       0.0105699	      -6.9960942	      -6.7385842	       0.1403046	      -6.9599644
50+	Women	Never	4	3	25	8	17	       0.0103814	      -6.7565749	      -6.3703098	       0.3830307	      -6.6086236
50+	Women	Never	5	4	25	10	15	       0.0101584	      -6.5207800	      -6.0057599	       0.3830307	      -6.3235115
20-49	Men	Non-Drinker	1	0	10	2	8	       0.0392252	      -5.0805029	      -5.0805029	       0.0000000	      -5.0805029
20-49	Men	Non-Drinker	2	1	10	4	6	       0.0363634	      -4.6957445	      -4.4654860	       0.0729601	      -4.6789448
20-49	Women	Non-Drinker	1	0	10	2	8	       0.0098932	      -6.4579789	      -6.4579789	       0.0000000	      -6.4579789
20-49	Women	Non-Drinker	2	1	10	4	6	       0.0090365	      -6.0880371	      -5.8577786	       0.0865944	      -6.0680980
50+	Men	Non-Drinker	1	0	10	2	8	       0.0484051	      -4.8702183	      -4.8702183	       0.0000000	      -4.8702183
50+	Men	Non-Drinker	2	1	10	4	6	       0.0371817	      -4.6734891	      -4.4432306	       0.2318635	      -4.6201005
50+	Women	Non-Drinker	1	0	10	2	8	       0.0117650	      -6.2846946	      -6.2846946	       0.0000000	      -6.2846946
50+	Women	Non-Drinker	2	1	10	4	6	       0.0082318	      -6.1812960	      -5.9510374	       0.3003103	      -6.1121469
