"sex"	"age_group"	"cancer_site"	"Model"	"# Joinpoints"	"# Observations"	"# Parameters"	"D.F."	"SSE"	"BIC"	"BIC3"	"Weight"	"WBIC"
Female	20-49	Bladder	1	0	19	2	17	       0.2622780	      -3.9728484	      -3.9728484	       0.0000000	      -3.9728484
Female	20-49	Bladder	2	1	19	4	15	       0.2492567	      -3.7138290	      -3.5588586	       0.0496468	      -3.7061353
Female	20-49	Bladder	3	2	19	6	13	       0.1991433	      -3.6283467	      -3.3184057	       0.3551954	      -3.5182571
Female	20-49	Bladder	4	3	19	8	11	       0.1893672	      -3.3687425	      -2.9038311	       0.3551954	      -3.2036081
Female	20-49	Brain and CNS	1	0	19	2	17	       0.0612092	      -5.4279562	      -5.4279562	       0.0000000	      -5.4279562
Female	20-49	Brain and CNS	2	1	19	4	15	       0.0420544	      -5.4933476	      -5.3383771	       0.3129390	      -5.4448512
Female	20-49	Brain and CNS	3	2	19	6	13	       0.0205468	      -5.8996662	      -5.5897253	       0.8364420	      -5.6404186
Female	20-49	Brain and CNS	4	3	19	8	11	       0.0176513	      -5.7416231	      -5.2767116	       0.8364420	      -5.3527516
Female	20-49	Breast	1	0	19	2	17	       0.0150775	      -6.8290490	      -6.8290490	       0.0000000	      -6.8290490
Female	20-49	Breast	2	1	19	4	15	       0.0040019	      -7.8455380	      -7.6905676	       0.7345770	      -7.7317003
Female	20-49	Breast	3	2	19	6	13	       0.0036818	      -7.6189794	      -7.3090384	       0.6842834	      -7.4068919
Female	20-49	Breast	4	3	19	8	11	       0.0027369	      -7.6055868	      -7.1406754	       0.9527509	      -7.1626421
Female	20-49	Cervix	1	0	19	2	17	       0.0568037	      -5.5026523	      -5.5026523	       0.0000000	      -5.5026523
Female	20-49	Cervix	2	1	19	4	15	       0.0476586	      -5.3682489	      -5.2132784	       0.1609941	      -5.3432996
Female	20-49	Cervix	3	2	19	6	13	       0.0345434	      -5.3801553	      -5.0702143	       0.5542788	      -5.2083616
Female	20-49	Cervix	4	3	19	8	11	       0.0330440	      -5.1145902	      -4.6496787	       0.8760945	      -4.7072838
Female	20-49	Colorectum	1	0	19	2	17	       0.0345238	      -6.0006058	      -6.0006058	       0.0000000	      -6.0006058
Female	20-49	Colorectum	2	1	19	4	15	       0.0270537	      -5.9344868	      -5.7795164	       0.2163729	      -5.9009554
Female	20-49	Colorectum	3	2	19	6	13	       0.0182672	      -6.0172664	      -5.7073255	       0.4964436	      -5.8633982
Female	20-49	Colorectum	4	3	19	8	11	       0.0170173	      -5.7781996	      -5.3132881	       0.4630997	      -5.5628992
Female	20-49	Endometrium	1	0	19	2	17	       0.0817727	      -5.1383101	      -5.1383101	       0.0000000	      -5.1383101
Female	20-49	Endometrium	2	1	19	4	15	       0.0463216	      -5.3967039	      -5.2417334	       0.4335320	      -5.3295192
Female	20-49	Endometrium	3	2	19	6	13	       0.0421428	      -5.1813073	      -4.8713664	       0.5755845	      -5.0029101
Female	20-49	Endometrium	4	3	19	8	11	       0.0399080	      -4.9258532	      -4.4609418	       0.9181587	      -4.4989907
Female	20-49	Gallbladder	1	0	19	2	17	       0.4662019	      -3.3976344	      -3.3976344	       0.0000000	      -3.3976344
Female	20-49	Gallbladder	2	1	19	4	15	       0.4183761	      -3.1959316	      -3.0409611	       0.1025861	      -3.1800337
Female	20-49	Gallbladder	3	2	19	6	13	       0.3841061	      -2.9714527	      -2.6615117	       0.7619048	      -2.7353072
Female	20-49	Gallbladder	4	3	19	8	11	       0.3498360	      -2.7549661	      -2.2900547	       0.2851532	      -2.6223952
Female	20-49	Hodgkin Lymphoma	1	0	19	2	17	       0.0546000	      -5.5422196	      -5.5422196	       0.0000000	      -5.5422196
Female	20-49	Hodgkin Lymphoma	2	1	19	4	15	       0.0430488	      -5.4699791	      -5.3150087	       0.2115612	      -5.4371934
Female	20-49	Hodgkin Lymphoma	3	2	19	6	13	       0.0278902	      -5.5940947	      -5.2841538	       0.4737464	      -5.4472613
Female	20-49	Hodgkin Lymphoma	4	3	19	8	11	       0.0256898	      -5.3663377	      -4.9014262	       0.7807122	      -5.0033757
Female	20-49	Kidney	1	0	19	2	17	       0.1129860	      -4.8149897	      -4.8149897	       0.0000000	      -4.8149897
Female	20-49	Kidney	2	1	19	4	15	       0.0827816	      -4.8161064	      -4.6611360	       0.2673284	      -4.7746784
Female	20-49	Kidney	3	2	19	6	13	       0.0707722	      -4.6629049	      -4.3529640	       0.6201550	      -4.4706935
Female	20-49	Kidney	4	3	19	8	11	       0.0582451	      -4.5477702	      -4.0828588	       0.5137033	      -4.3089437
Female	20-49	Larynx	1	0	19	2	17	       0.7380782	      -2.9382035	      -2.9382035	       0.0000000	      -2.9382035
Female	20-49	Larynx	2	1	19	4	15	       0.6865897	      -2.7005755	      -2.5456050	       0.0697603	      -2.6897647
Female	20-49	Larynx	3	2	19	6	13	       0.6325944	      -2.4725419	      -2.1626010	       0.6363636	      -2.2753068
Female	20-49	Larynx	4	3	19	8	11	       0.6178446	      -2.1861935	      -1.7212820	       0.6907895	      -1.8650376
Female	20-49	Leukaemia	1	0	19	2	17	       0.0475339	      -5.6808110	      -5.6808110	       0.0000000	      -5.6808110
Female	20-49	Leukaemia	2	1	19	4	15	       0.0450721	      -5.4240494	      -5.2690789	       0.0517901	      -5.4160235
Female	20-49	Leukaemia	3	2	19	6	13	       0.0411596	      -5.2049135	      -4.8949725	       0.2186404	      -5.1371479
Female	20-49	Leukaemia	4	3	19	8	11	       0.0352729	      -5.0493167	      -4.5844053	       0.1979955	      -4.9572664
Female	20-49	Liver	1	0	19	2	17	       0.3342022	      -3.7305070	      -3.7305070	       0.0000000	      -3.7305070
Female	20-49	Liver	2	1	19	4	15	       0.1176270	      -4.4647941	      -4.3098237	       0.6480366	      -4.3643676
Female	20-49	Liver	3	2	19	6	13	       0.0884446	      -4.4399947	      -4.1300538	       0.6956801	      -4.2243750
Female	20-49	Liver	4	3	19	8	11	       0.0832601	      -4.1904608	      -3.7255493	       0.6956801	      -3.8670312
Female	20-49	Lung	1	0	19	2	17	       0.0742447	      -5.2348864	      -5.2348864	       0.0000000	      -5.2348864
Female	20-49	Lung	2	1	19	4	15	       0.0728575	      -4.9438072	      -4.7888367	       0.0186850	      -4.9409116
Female	20-49	Lung	3	2	19	6	13	       0.0643619	      -4.7578499	      -4.4479090	       0.5610669	      -4.5839523
Female	20-49	Lung	4	3	19	8	11	       0.0625410	      -4.4766083	      -4.0116969	       0.5610669	      -4.2157619
Female	20-49	Melanoma	1	0	19	2	17	       0.0598460	      -5.4504795	      -5.4504795	       0.0000000	      -5.4504795
Female	20-49	Melanoma	2	1	19	4	15	       0.0252507	      -6.0034577	      -5.8484873	       0.5780714	      -5.9138737
Female	20-49	Melanoma	3	2	19	6	13	       0.0199421	      -5.9295383	      -5.6195974	       0.6343092	      -5.7329400
Female	20-49	Melanoma	4	3	19	8	11	       0.0172261	      -5.7660060	      -5.3010946	       0.6343092	      -5.4711084
Female	20-49	Multiple Myeloma	1	0	19	2	17	       0.2277432	      -4.1140345	      -4.1140345	       0.0000000	      -4.1140345
Female	20-49	Multiple Myeloma	2	1	19	4	15	       0.1976891	      -3.9456169	      -3.7906464	       0.1319651	      -3.9251662
Female	20-49	Multiple Myeloma	3	2	19	6	13	       0.1577178	      -3.8615642	      -3.5516232	       0.3022499	      -3.7678846
Female	20-49	Multiple Myeloma	4	3	19	8	11	       0.1422746	      -3.6546714	      -3.1897600	       0.5308059	      -3.4078937
Female	20-49	Non-Hodgkin Lymphoma	1	0	19	2	17	       0.0722544	      -5.2620600	      -5.2620600	       0.0000000	      -5.2620600
Female	20-49	Non-Hodgkin Lymphoma	2	1	19	4	15	       0.0543333	      -5.2371748	      -5.0822044	       0.2480277	      -5.1987379
Female	20-49	Non-Hodgkin Lymphoma	3	2	19	6	13	       0.0416797	      -5.1923579	      -4.8824170	       0.4509043	      -5.0526042
Female	20-49	Non-Hodgkin Lymphoma	4	3	19	8	11	       0.0309393	      -5.1804039	      -4.7154925	       0.6553058	      -4.8757448
Female	20-49	Oesophagus	1	0	19	2	17	       0.4125301	      -3.5199441	      -3.5199441	       0.0000000	      -3.5199441
Female	20-49	Oesophagus	2	1	19	4	15	       0.3906322	      -3.2645459	      -3.1095754	       0.0530820	      -3.2563197
Female	20-49	Oesophagus	3	2	19	6	13	       0.3691495	      -3.0111696	      -2.7012287	       0.1948194	      -2.9507871
Female	20-49	Oesophagus	4	3	19	8	11	       0.3076794	      -2.8833723	      -2.4184609	       0.9250442	      -2.4533087
Female	20-49	Oral	1	0	19	2	17	       0.1002774	      -4.9343132	      -4.9343132	       0.0000000	      -4.9343132
Female	20-49	Oral	2	1	19	4	15	       0.0699740	      -4.9841889	      -4.8292184	       0.3021958	      -4.9373575
Female	20-49	Oral	3	2	19	6	13	       0.0431541	      -5.1575939	      -4.8476529	       0.5712935	      -4.9805266
Female	20-49	Oral	4	3	19	8	11	       0.0416663	      -4.8827381	      -4.4178267	       0.5712935	      -4.6171372
Female	20-49	Ovary	1	0	19	2	17	       0.0335721	      -6.0285594	      -6.0285594	       0.0000000	      -6.0285594
Female	20-49	Ovary	2	1	19	4	15	       0.0169401	      -6.4026303	      -6.2476599	       0.4954114	      -6.3258562
Female	20-49	Ovary	3	2	19	6	13	       0.0107764	      -6.5450156	      -6.2350747	       0.6854698	      -6.3325605
Female	20-49	Ovary	4	3	19	8	11	       0.0087951	      -6.4382353	      -5.9733239	       0.8140913	      -6.0597550
Female	20-49	Pancreas	1	0	19	2	17	       0.1489132	      -4.5388894	      -4.5388894	       0.0000000	      -4.5388894
Female	20-49	Pancreas	2	1	19	4	15	       0.1377801	      -4.3066537	      -4.1516833	       0.0747629	      -4.2950677
Female	20-49	Pancreas	3	2	19	6	13	       0.1033026	      -4.2847088	      -3.9747679	       0.5033066	      -4.1287135
Female	20-49	Pancreas	4	3	19	8	11	       0.0969361	      -4.0383780	      -3.5734666	       0.9438445	      -3.5995739
Female	50+	Bladder	1	0	19	2	17	       0.0168314	      -6.7190069	      -6.7190069	       0.0000000	      -6.7190069
Female	50+	Bladder	2	1	19	4	15	       0.0102308	      -6.9069049	      -6.7519344	       0.3921572	      -6.8461321
Female	50+	Bladder	3	2	19	6	13	       0.0079734	      -6.8462562	      -6.5363153	       0.6297544	      -6.6510695
Female	50+	Bladder	4	3	19	8	11	       0.0060092	      -6.8191400	      -6.3542286	       0.6297544	      -6.5263600
Female	50+	Brain and CNS	1	0	19	2	17	       0.0388682	      -5.8820768	      -5.8820768	       0.0000000	      -5.8820768
Female	50+	Brain and CNS	2	1	19	4	15	       0.0155527	      -6.4880795	      -6.3331090	       0.5998612	      -6.3951187
Female	50+	Brain and CNS	3	2	19	6	13	       0.0085955	      -6.7711322	      -6.4611912	       0.9083649	      -6.4895927
Female	50+	Brain and CNS	4	3	19	8	11	       0.0081372	      -6.5159816	      -6.0510702	       0.8836827	      -6.1051474
Female	50+	Breast	1	0	19	2	17	       0.0066758	      -7.6437699	      -7.6437699	       0.0000000	      -7.6437699
Female	50+	Breast	2	1	19	4	15	       0.0046062	      -7.7049084	      -7.5499379	       0.3100112	      -7.6568658
Female	50+	Breast	3	2	19	6	13	       0.0037470	      -7.6014033	      -7.2914624	       0.2318661	      -7.5295385
Female	50+	Breast	4	3	19	8	11	       0.0029502	      -7.5305643	      -7.0656529	       0.6022744	      -7.2505601
Female	50+	Cervix	1	0	19	2	17	       0.0527735	      -5.5762437	      -5.5762437	       0.0000000	      -5.5762437
Female	50+	Cervix	2	1	19	4	15	       0.0270378	      -5.9350767	      -5.7801063	       0.4876637	      -5.8595033
Female	50+	Cervix	3	2	19	6	13	       0.0192796	      -5.9633258	      -5.6533848	       0.3933999	      -5.8413951
Female	50+	Cervix	4	3	19	8	11	       0.0155012	      -5.8715161	      -5.4066047	       0.7723471	      -5.5124431
Female	50+	Colorectum	1	0	19	2	17	       0.0154424	      -6.8051363	      -6.8051363	       0.0000000	      -6.8051363
Female	50+	Colorectum	2	1	19	4	15	       0.0038832	      -7.8756615	      -7.7206910	       0.7485389	      -7.7596601
Female	50+	Colorectum	3	2	19	6	13	       0.0019857	      -8.2364065	      -7.9264655	       0.8639640	      -7.9686287
Female	50+	Colorectum	4	3	19	8	11	       0.0015805	      -8.1546690	      -7.6897575	       0.8451035	      -7.7617707
Female	50+	Endometrium	1	0	19	2	17	       0.0298829	      -6.1449674	      -6.1449674	       0.0000000	      -6.1449674
Female	50+	Endometrium	2	1	19	4	15	       0.0050553	      -7.6118675	      -7.4568970	       0.8308284	      -7.4831136
Female	50+	Endometrium	3	2	19	6	13	       0.0044728	      -7.4243647	      -7.1144238	       0.5830933	      -7.2436402
Female	50+	Endometrium	4	3	19	8	11	       0.0039337	      -7.2428493	      -6.7779379	       0.5620794	      -6.9815322
Female	50+	Gallbladder	1	0	19	2	17	       0.0367589	      -5.9378723	      -5.9378723	       0.0000000	      -5.9378723
Female	50+	Gallbladder	2	1	19	4	15	       0.0286366	      -5.8776277	      -5.7226573	       0.2209627	      -5.8433850
Female	50+	Gallbladder	3	2	19	6	13	       0.0185215	      -6.0034370	      -5.6934961	       0.8819515	      -5.7300841
Female	50+	Gallbladder	4	3	19	8	11	       0.0159067	      -5.8456899	      -5.3807785	       0.6119748	      -5.5611758
Female	50+	Hodgkin Lymphoma	1	0	19	2	17	       0.1051477	      -4.8868875	      -4.8868875	       0.0000000	      -4.8868875
Female	50+	Hodgkin Lymphoma	2	1	19	4	15	       0.0573724	      -5.1827487	      -5.0277782	       0.4543634	      -5.1123358
Female	50+	Hodgkin Lymphoma	3	2	19	6	13	       0.0447626	      -5.1209996	      -4.8110586	       0.9919377	      -4.8135575
Female	50+	Hodgkin Lymphoma	4	3	19	8	11	       0.0432196	      -4.8461363	      -4.3812249	       0.9919377	      -4.3849732
Female	50+	Kidney	1	0	19	2	17	       0.0659092	      -5.3539757	      -5.3539757	       0.0000000	      -5.3539757
Female	50+	Kidney	2	1	19	4	15	       0.0147555	      -6.5406954	      -6.3857249	       0.7761235	      -6.4204192
Female	50+	Kidney	3	2	19	6	13	       0.0136214	      -6.3107270	      -6.0007861	       0.6588533	      -6.1065214
Female	50+	Kidney	4	3	19	8	11	       0.0109802	      -6.2163359	      -5.7514245	       0.6650719	      -5.9071364
Female	50+	Larynx	1	0	19	2	17	       0.0939748	      -4.9992269	      -4.9992269	       0.0000000	      -4.9992269
Female	50+	Larynx	2	1	19	4	15	       0.0803612	      -4.8457806	      -4.6908101	       0.1448639	      -4.8233310
Female	50+	Larynx	3	2	19	6	13	       0.0633485	      -4.7737196	      -4.4637786	       0.5849313	      -4.5924254
Female	50+	Larynx	4	3	19	8	11	       0.0615672	      -4.4923012	      -4.0273898	       0.4971995	      -4.2611474
Female	50+	Leukaemia	1	0	19	2	17	       0.0746716	      -5.2291541	      -5.2291541	       0.0000000	      -5.2291541
Female	50+	Leukaemia	2	1	19	4	15	       0.0220652	      -6.1383108	      -5.9833404	       0.7045033	      -6.0291336
Female	50+	Leukaemia	3	2	19	6	13	       0.0144737	      -6.2500399	      -5.9400989	       0.7903101	      -6.0050904
Female	50+	Leukaemia	4	3	19	8	11	       0.0133650	      -6.0197895	      -5.5548781	       0.5162721	      -5.7797687
Female	50+	Liver	1	0	19	2	17	       0.0796329	      -5.1648254	      -5.1648254	       0.0000000	      -5.1648254
Female	50+	Liver	2	1	19	4	15	       0.0374633	      -5.6089519	      -5.4539814	       0.5295509	      -5.5268871
Female	50+	Liver	3	2	19	6	13	       0.0239345	      -5.7470502	      -5.4371093	       0.6591735	      -5.5427454
Female	50+	Liver	4	3	19	8	11	       0.0207132	      -5.5816615	      -5.1167500	       0.7284405	      -5.2430012
Female	50+	Lung	1	0	19	2	17	       0.0134344	      -6.9444364	      -6.9444364	       0.0000000	      -6.9444364
Female	50+	Lung	2	1	19	4	15	       0.0029746	      -8.1422194	      -7.9872489	       0.7785869	      -8.0215614
Female	50+	Lung	3	2	19	6	13	       0.0020997	      -8.1805644	      -7.8706234	       0.8422631	      -7.9195126
Female	50+	Lung	4	3	19	8	11	       0.0015638	      -8.1653386	      -7.7004271	       0.6933123	      -7.8430097
Female	50+	Melanoma	1	0	19	2	17	       0.0231897	      -6.3985451	      -6.3985451	       0.0000000	      -6.3985451
Female	50+	Melanoma	2	1	19	4	15	       0.0062816	      -7.3946909	      -7.2397204	       0.7291221	      -7.2816985
Female	50+	Melanoma	3	2	19	6	13	       0.0044589	      -7.4274684	      -7.1175275	       0.5460836	      -7.2582148
Female	50+	Melanoma	4	3	19	8	11	       0.0042625	      -7.1625734	      -6.6976620	       0.5460836	      -6.9086929
Female	50+	Multiple Myeloma	1	0	19	2	17	       0.0502116	      -5.6260080	      -5.6260080	       0.0000000	      -5.6260080
Female	50+	Multiple Myeloma	2	1	19	4	15	       0.0466676	      -5.3892613	      -5.2342908	       0.0705797	      -5.3783235
Female	50+	Multiple Myeloma	3	2	19	6	13	       0.0244408	      -5.7261168	      -5.4161758	       0.6053106	      -5.5385062
Female	50+	Multiple Myeloma	4	3	19	8	11	       0.0216095	      -5.5392967	      -5.0743853	       0.6053106	      -5.2578809
Female	50+	Non-Hodgkin Lymphoma	1	0	19	2	17	       0.0550672	      -5.5336997	      -5.5336997	       0.0000000	      -5.5336997
Female	50+	Non-Hodgkin Lymphoma	2	1	19	4	15	       0.0065467	      -7.3533528	      -7.1983823	       0.8811145	      -7.2168061
Female	50+	Non-Hodgkin Lymphoma	3	2	19	6	13	       0.0060374	      -7.1244026	      -6.8144616	       0.6899918	      -6.9105458
Female	50+	Non-Hodgkin Lymphoma	4	3	19	8	11	       0.0051764	      -6.9683266	      -6.5034152	       0.5283133	      -6.7227077
Female	50+	Oesophagus	1	0	19	2	17	       0.0102760	      -7.2124400	      -7.2124400	       0.0000000	      -7.2124400
Female	50+	Oesophagus	2	1	19	4	15	       0.0059612	      -7.4470400	      -7.2920695	       0.4198921	      -7.3819691
Female	50+	Oesophagus	3	2	19	6	13	       0.0048126	      -7.3511286	      -7.0411877	       0.9184635	      -7.0664592
Female	50+	Oesophagus	4	3	19	8	11	       0.0040636	      -7.2103608	      -6.7454493	       0.7294181	      -6.8712460
Female	50+	Oral	1	0	19	2	17	       0.0244819	      -6.3443191	      -6.3443191	       0.0000000	      -6.3443191
Female	50+	Oral	2	1	19	4	15	       0.0107827	      -6.8543724	      -6.6994019	       0.5595658	      -6.7676562
Female	50+	Oral	3	2	19	6	13	       0.0080296	      -6.8392354	      -6.5292945	       0.3455585	      -6.7321327
Female	50+	Oral	4	3	19	8	11	       0.0064870	      -6.7426295	      -6.2777181	       0.6424064	      -6.4439675
Female	50+	Ovary	1	0	19	2	17	       0.0091539	      -7.3280747	      -7.3280747	       0.0000000	      -7.3280747
Female	50+	Ovary	2	1	19	4	15	       0.0077239	      -7.1879984	      -7.0330280	       0.1562211	      -7.1637888
Female	50+	Ovary	3	2	19	6	13	       0.0056954	      -7.1827168	      -6.8727759	       0.4182381	      -7.0530877
Female	50+	Ovary	4	3	19	8	11	       0.0037612	      -7.2876858	      -6.8227744	       0.5449199	      -7.0343464
Female	50+	Pancreas	1	0	19	2	17	       0.0099936	      -7.2403126	      -7.2403126	       0.0000000	      -7.2403126
Female	50+	Pancreas	2	1	19	4	15	       0.0034793	      -7.9854790	      -7.8305085	       0.6518451	      -7.8844622
Female	50+	Pancreas	3	2	19	6	13	       0.0029163	      -7.8520723	      -7.5421313	       0.5456368	      -7.6829571
Female	50+	Pancreas	4	3	19	8	11	       0.0026706	      -7.6301401	      -7.1652287	       0.5456368	      -7.3764673
Male	20-49	Bladder	1	0	19	2	17	       0.1201449	      -4.7535551	      -4.7535551	       0.0000000	      -4.7535551
Male	20-49	Bladder	2	1	19	4	15	       0.1121431	      -4.5125366	      -4.3575661	       0.0666009	      -4.5022154
Male	20-49	Bladder	3	2	19	6	13	       0.0722229	      -4.6426139	      -4.3326729	       0.6100418	      -4.4535369
Male	20-49	Bladder	4	3	19	8	11	       0.0522170	      -4.6570230	      -4.1921116	       0.6482434	      -4.3556472
Male	20-49	Brain and CNS	1	0	19	2	17	       0.0193804	      -6.5779904	      -6.5779904	       0.0000000	      -6.5779904
Male	20-49	Brain and CNS	2	1	19	4	15	       0.0178755	      -6.3488832	      -6.1939127	       0.0776529	      -6.3368493
Male	20-49	Brain and CNS	3	2	19	6	13	       0.0119849	      -6.4387202	      -6.1287792	       0.8308717	      -6.1811990
Male	20-49	Brain and CNS	4	3	19	8	11	       0.0108298	      -6.2301316	      -5.7652202	       0.8308717	      -5.8438498
Male	20-49	Breast	1	0	19	2	17	       0.8516949	      -2.7950250	      -2.7950250	       0.0000000	      -2.7950250
Male	20-49	Breast	2	1	19	4	15	       0.7906530	      -2.5594531	      -2.4044827	       0.0716710	      -2.5483462
Male	20-49	Breast	3	2	19	6	13	       0.7705418	      -2.2752775	      -1.9653365	       0.2386588	      -2.2013073
Male	20-49	Breast	4	3	19	8	11	       0.7124135	      -2.0437719	      -1.5788605	       0.5287638	      -1.7979436
Male	20-49	Colorectum	1	0	19	2	17	       0.0251825	      -6.3161051	      -6.3161051	       0.0000000	      -6.3161051
Male	20-49	Colorectum	2	1	19	4	15	       0.0210970	      -6.1831830	      -6.0282125	       0.1622360	      -6.1580412
Male	20-49	Colorectum	3	2	19	6	13	       0.0197338	      -5.9400391	      -5.6300981	       0.5602114	      -5.7664066
Male	20-49	Colorectum	4	3	19	8	11	       0.0157764	      -5.8539136	      -5.3890022	       0.5567743	      -5.5950629
Male	20-49	Gallbladder	1	0	19	2	17	       1.1488770	      -2.4957131	      -2.4957131	       0.0000000	      -2.4957131
Male	20-49	Gallbladder	2	1	19	4	15	       0.8281704	      -2.5130935	      -2.3581230	       0.2791479	      -2.4698338
Male	20-49	Gallbladder	3	2	19	6	13	       0.7787043	      -2.2647400	      -1.9547991	       0.6053917	      -2.0771043
Male	20-49	Gallbladder	4	3	19	8	11	       0.6957120	      -2.0674947	      -1.6025833	       0.7077451	      -1.7384559
Male	20-49	Hodgkin Lymphoma	1	0	19	2	17	       0.0466440	      -5.6997095	      -5.6997095	       0.0000000	      -5.6997095
Male	20-49	Hodgkin Lymphoma	2	1	19	4	15	       0.0384842	      -5.5820651	      -5.4270947	       0.1749379	      -5.5549549
Male	20-49	Hodgkin Lymphoma	3	2	19	6	13	       0.0331169	      -5.4223282	      -5.1123873	       0.6912941	      -5.2080678
Male	20-49	Hodgkin Lymphoma	4	3	19	8	11	       0.0306872	      -5.1885842	      -4.7236728	       0.6316390	      -4.8949280
Male	20-49	Kidney	1	0	19	2	17	       0.0732040	      -5.2490028	      -5.2490028	       0.0000000	      -5.2490028
Male	20-49	Kidney	2	1	19	4	15	       0.0428009	      -5.4757531	      -5.3207827	       0.4153204	      -5.4113907
Male	20-49	Kidney	3	2	19	6	13	       0.0253036	      -5.6914231	      -5.3814821	       0.7465197	      -5.4600461
Male	20-49	Kidney	4	3	19	8	11	       0.0218210	      -5.5295557	      -5.0646443	       0.8199581	      -5.1483479
Male	20-49	Larynx	1	0	19	2	17	       0.2251201	      -4.1256194	      -4.1256194	       0.0000000	      -4.1256194
Male	20-49	Larynx	2	1	19	4	15	       0.1931849	      -3.9686646	      -3.8136941	       0.1418584	      -3.9466808
Male	20-49	Larynx	3	2	19	6	13	       0.1557663	      -3.8740146	      -3.5640737	       0.3904146	      -3.7530092
Male	20-49	Larynx	4	3	19	8	11	       0.1324936	      -3.7258958	      -3.2609844	       0.4729867	      -3.5059989
Male	20-49	Leukaemia	1	0	19	2	17	       0.0575600	      -5.4894260	      -5.4894260	       0.0000000	      -5.4894260
Male	20-49	Leukaemia	2	1	19	4	15	       0.0460316	      -5.4029848	      -5.2480143	       0.2002849	      -5.3719466
Male	20-49	Leukaemia	3	2	19	6	13	       0.0404176	      -5.2231054	      -4.9131645	       0.1968913	      -5.1620808
Male	20-49	Leukaemia	4	3	19	8	11	       0.0389970	      -4.9489448	      -4.4840334	       0.6153105	      -4.6628799
Male	20-49	Liver	1	0	19	2	17	       0.3128736	      -3.7964541	      -3.7964541	       0.0000000	      -3.7964541
Male	20-49	Liver	2	1	19	4	15	       0.2042612	      -3.9129130	      -3.7579425	       0.3471447	      -3.8591158
Male	20-49	Liver	3	2	19	6	13	       0.1750232	      -3.7574530	      -3.4475121	       0.5355224	      -3.5914727
Male	20-49	Liver	4	3	19	8	11	       0.1585380	      -3.5464360	      -3.0815246	       0.5355224	      -3.2974655
Male	20-49	Lung	1	0	19	2	17	       0.0381184	      -5.9015564	      -5.9015564	       0.0000000	      -5.9015564
Male	20-49	Lung	2	1	19	4	15	       0.0296870	      -5.8416040	      -5.6866336	       0.2211903	      -5.8073261
Male	20-49	Lung	3	2	19	6	13	       0.0274300	      -5.6107341	      -5.3007931	       0.8429990	      -5.3494542
Male	20-49	Lung	4	3	19	8	11	       0.0263270	      -5.3418336	      -4.8769222	       0.8429990	      -4.9499138
Male	20-49	Melanoma	1	0	19	2	17	       0.1045663	      -4.8924319	      -4.8924319	       0.0000000	      -4.8924319
Male	20-49	Melanoma	2	1	19	4	15	       0.0324049	      -5.7540032	      -5.5990328	       0.6901021	      -5.6470578
Male	20-49	Melanoma	3	2	19	6	13	       0.0220905	      -5.8272246	      -5.5172836	       0.7603995	      -5.5915456
Male	20-49	Melanoma	4	3	19	8	11	       0.0191340	      -5.6609657	      -5.1960543	       0.9595978	      -5.2148377
Male	20-49	Multiple Myeloma	1	0	19	2	17	       0.2631123	      -3.9696725	      -3.9696725	       0.0000000	      -3.9696725
Male	20-49	Multiple Myeloma	2	1	19	4	15	       0.2194194	      -3.8413273	      -3.6863568	       0.1660617	      -3.8155927
Male	20-49	Multiple Myeloma	3	2	19	6	13	       0.1599763	      -3.8473460	      -3.5374051	       0.6988699	      -3.6307376
Male	20-49	Multiple Myeloma	4	3	19	8	11	       0.1448676	      -3.6366102	      -3.1716988	       0.6988699	      -3.3116976
Male	20-49	Non-Hodgkin Lymphoma	1	0	19	2	17	       0.0668327	      -5.3400614	      -5.3400614	       0.0000000	      -5.3400614
Male	20-49	Non-Hodgkin Lymphoma	2	1	19	4	15	       0.0138780	      -6.6020052	      -6.4470347	       0.7923466	      -6.4792149
Male	20-49	Non-Hodgkin Lymphoma	3	2	19	6	13	       0.0130963	      -6.3500379	      -6.0400970	       0.6531829	      -6.1475898
Male	20-49	Non-Hodgkin Lymphoma	4	3	19	8	11	       0.0123041	      -6.1024973	      -5.6375859	       0.6309289	      -5.8091712
Male	20-49	Oesophagus	1	0	19	2	17	       0.1236754	      -4.7245925	      -4.7245925	       0.0000000	      -4.7245925
Male	20-49	Oesophagus	2	1	19	4	15	       0.1178708	      -4.4627234	      -4.3077530	       0.0469347	      -4.4554499
Male	20-49	Oesophagus	3	2	19	6	13	       0.1042266	      -4.2758044	      -3.9658635	       0.2964896	      -4.1839102
Male	20-49	Oesophagus	4	3	19	8	11	       0.0932427	      -4.0772242	      -3.6123128	       0.3144038	      -3.9310543
Male	20-49	Oral	1	0	19	2	17	       0.0751384	      -5.2229212	      -5.2229212	       0.0000000	      -5.2229212
Male	20-49	Oral	2	1	19	4	15	       0.0065119	      -7.3586791	      -7.2037086	       0.9133345	      -7.2171392
Male	20-49	Oral	3	2	19	6	13	       0.0063086	      -7.0804528	      -6.7705118	       0.8940226	      -6.8033585
Male	20-49	Oral	4	3	19	8	11	       0.0061526	      -6.7955560	      -6.3306446	       0.7615708	      -6.4414931
Male	20-49	Pancreas	1	0	19	2	17	       0.1007052	      -4.9300558	      -4.9300558	       0.0000000	      -4.9300558
Male	20-49	Pancreas	2	1	19	4	15	       0.0850219	      -4.7894039	      -4.6344334	       0.1557351	      -4.7652695
Male	20-49	Pancreas	3	2	19	6	13	       0.0618059	      -4.7983722	      -4.4884312	       0.5587414	      -4.6251953
Male	20-49	Pancreas	4	3	19	8	11	       0.0603204	      -4.5127596	      -4.0478481	       0.3365879	      -4.3562760
Male	50+	Bladder	1	0	19	2	17	       0.0148326	      -6.8454235	      -6.8454235	       0.0000000	      -6.8454235
Male	50+	Bladder	2	1	19	4	15	       0.0091985	      -7.0132668	      -6.8582964	       0.3798441	      -6.9544022
Male	50+	Bladder	3	2	19	6	13	       0.0053136	      -7.2521060	      -6.9421650	       0.7321054	      -7.0251966
Male	50+	Bladder	4	3	19	8	11	       0.0038778	      -7.2571712	      -6.7922598	       0.7321054	      -6.9168071
Male	50+	Brain and CNS	1	0	19	2	17	       0.0176722	      -6.6702611	      -6.6702611	       0.0000000	      -6.6702611
Male	50+	Brain and CNS	2	1	19	4	15	       0.0108606	      -6.8471664	      -6.6921959	       0.3854385	      -6.7874348
Male	50+	Brain and CNS	3	2	19	6	13	       0.0101650	      -6.6034201	      -6.2934792	       0.1849728	      -6.5460895
Male	50+	Brain and CNS	4	3	19	8	11	       0.0099835	      -6.3115009	      -5.8465895	       0.2171336	      -6.2105530
Male	50+	Breast	1	0	19	2	17	       0.0869421	      -5.0770111	      -5.0770111	       0.0000000	      -5.0770111
Male	50+	Breast	2	1	19	4	15	       0.0841651	      -4.7995325	      -4.6445621	       0.0319411	      -4.7945826
Male	50+	Breast	3	2	19	6	13	       0.0722893	      -4.6416955	      -4.3317545	       0.2656979	      -4.5593448
Male	50+	Breast	4	3	19	8	11	       0.0562198	      -4.5831607	      -4.1182493	       0.3437963	      -4.4233259
Male	50+	Colorectum	1	0	19	2	17	       0.0274244	      -6.2308202	      -6.2308202	       0.0000000	      -6.2308202
Male	50+	Colorectum	2	1	19	4	15	       0.0055052	      -7.5266198	      -7.3716493	       0.7992593	      -7.4027582
Male	50+	Colorectum	3	2	19	6	13	       0.0020793	      -8.1903611	      -7.8804202	       0.9038411	      -7.9102238
Male	50+	Colorectum	4	3	19	8	11	       0.0015672	      -8.1631649	      -7.6982534	       0.9038411	      -7.7429588
Male	50+	Gallbladder	1	0	19	2	17	       0.0724175	      -5.2598059	      -5.2598059	       0.0000000	      -5.2598059
Male	50+	Gallbladder	2	1	19	4	15	       0.0551849	      -5.2216231	      -5.0666526	       0.2379614	      -5.1847461
Male	50+	Gallbladder	3	2	19	6	13	       0.0359994	      -5.3388684	      -5.0289275	       0.8313396	      -5.0812022
Male	50+	Gallbladder	4	3	19	8	11	       0.0323195	      -5.1367609	      -4.6718495	       0.8313396	      -4.7502616
Male	50+	Hodgkin Lymphoma	1	0	19	2	17	       0.0677683	      -5.3261591	      -5.3261591	       0.0000000	      -5.3261591
Male	50+	Hodgkin Lymphoma	2	1	19	4	15	       0.0372050	      -5.6158684	      -5.4608979	       0.4509964	      -5.5459773
Male	50+	Hodgkin Lymphoma	3	2	19	6	13	       0.0319846	      -5.4571165	      -5.1471756	       0.5220473	      -5.2953127
Male	50+	Hodgkin Lymphoma	4	3	19	8	11	       0.0275928	      -5.2948771	      -4.8299657	       0.5220473	      -5.0521713
Male	50+	Kidney	1	0	19	2	17	       0.0401645	      -5.8492701	      -5.8492701	       0.0000000	      -5.8492701
Male	50+	Kidney	2	1	19	4	15	       0.0160124	      -6.4589511	      -6.3039806	       0.6013303	      -6.3657626
Male	50+	Kidney	3	2	19	6	13	       0.0123864	      -6.4057712	      -6.0958302	       0.4542055	      -6.2649943
Male	50+	Kidney	4	3	19	8	11	       0.0072976	      -6.6248850	      -6.1599736	       0.8360944	      -6.2361752
Male	50+	Larynx	1	0	19	2	17	       0.0251341	      -6.3180270	      -6.3180270	       0.0000000	      -6.3180270
Male	50+	Larynx	2	1	19	4	15	       0.0083263	      -7.1128906	      -6.9579201	       0.6687244	      -7.0092580
Male	50+	Larynx	3	2	19	6	13	       0.0059943	      -7.1315660	      -6.8216251	       0.7582480	      -6.8965539
Male	50+	Larynx	4	3	19	8	11	       0.0053956	      -6.9268513	      -6.4619399	       0.4657138	      -6.7103356
Male	50+	Leukaemia	1	0	19	2	17	       0.0899282	      -5.0432416	      -5.0432416	       0.0000000	      -5.0432416
Male	50+	Leukaemia	2	1	19	4	15	       0.0208945	      -6.1928245	      -6.0378540	       0.7676531	      -6.0738609
Male	50+	Leukaemia	3	2	19	6	13	       0.0170322	      -6.0872654	      -5.7773245	       0.7896728	      -5.8425135
Male	50+	Leukaemia	4	3	19	8	11	       0.0135533	      -6.0057990	      -5.5408876	       0.8754217	      -5.5988055
Male	50+	Liver	1	0	19	2	17	       0.0475733	      -5.6799811	      -5.6799811	       0.0000000	      -5.6799811
Male	50+	Liver	2	1	19	4	15	       0.0124302	      -6.7121847	      -6.5572143	       0.7387153	      -6.5977057
Male	50+	Liver	3	2	19	6	13	       0.0106619	      -6.5556954	      -6.2457545	       0.7820019	      -6.3133210
Male	50+	Liver	4	3	19	8	11	       0.0101162	      -6.2982961	      -5.8333847	       0.8161527	      -5.9188575
Male	50+	Lung	1	0	19	2	17	       0.0052695	      -7.8803210	      -7.8803210	       0.0000000	      -7.8803210
Male	50+	Lung	2	1	19	4	15	       0.0034094	      -8.0057891	      -7.8508186	       0.3530004	      -7.9510845
Male	50+	Lung	3	2	19	6	13	       0.0018201	      -8.3234569	      -8.0135160	       0.5941004	      -8.1393209
Male	50+	Lung	4	3	19	8	11	       0.0015411	      -8.1799206	      -7.7150092	       0.7711438	      -7.8214070
Male	50+	Melanoma	1	0	19	2	17	       0.0699645	      -5.2942660	      -5.2942660	       0.0000000	      -5.2942660
Male	50+	Melanoma	2	1	19	4	15	       0.0119223	      -6.7539023	      -6.5989318	       0.8295950	      -6.6253396
Male	50+	Melanoma	3	2	19	6	13	       0.0068082	      -7.0042378	      -6.6942969	       0.7088704	      -6.7845299
Male	50+	Melanoma	4	3	19	8	11	       0.0055535	      -6.8980091	      -6.4330977	       0.6878826	      -6.5782046
Male	50+	Multiple Myeloma	1	0	19	2	17	       0.0392887	      -5.8713176	      -5.8713176	       0.0000000	      -5.8713176
Male	50+	Multiple Myeloma	2	1	19	4	15	       0.0369855	      -5.6217870	      -5.4668165	       0.0586218	      -5.6127023
Male	50+	Multiple Myeloma	3	2	19	6	13	       0.0247810	      -5.7122958	      -5.4023549	       0.4322311	      -5.5783297
Male	50+	Multiple Myeloma	4	3	19	8	11	       0.0232379	      -5.4666459	      -5.0017344	       0.4661710	      -5.2499177
Male	50+	Non-Hodgkin Lymphoma	1	0	19	2	17	       0.0406491	      -5.8372754	      -5.8372754	       0.0000000	      -5.8372754
Male	50+	Non-Hodgkin Lymphoma	2	1	19	4	15	       0.0049533	      -7.6322487	      -7.4772782	       0.8781439	      -7.4961623
Male	50+	Non-Hodgkin Lymphoma	3	2	19	6	13	       0.0033570	      -7.7113195	      -7.4013786	       0.8981950	      -7.4329321
Male	50+	Non-Hodgkin Lymphoma	4	3	19	8	11	       0.0030020	      -7.5131491	      -7.0482377	       0.9083924	      -7.0908271
Male	50+	Oesophagus	1	0	19	2	17	       0.0079679	      -7.4668318	      -7.4668318	       0.0000000	      -7.4668318
Male	50+	Oesophagus	2	1	19	4	15	       0.0033963	      -8.0096372	      -7.8546667	       0.5737575	      -7.9207217
Male	50+	Oesophagus	3	2	19	6	13	       0.0029328	      -7.8464187	      -7.5364778	       0.4517591	      -7.7064001
Male	50+	Oesophagus	4	3	19	8	11	       0.0027132	      -7.6142880	      -7.1493766	       0.4352659	      -7.4119279
Male	50+	Oral	1	0	19	2	17	       0.0239580	      -6.3659493	      -6.3659493	       0.0000000	      -6.3659493
Male	50+	Oral	2	1	19	4	15	       0.0143324	      -6.5697863	      -6.4148158	       0.4017688	      -6.5075240
Male	50+	Oral	3	2	19	6	13	       0.0120206	      -6.4357506	      -6.1258097	       0.5609001	      -6.2619047
Male	50+	Oral	4	3	19	8	11	       0.0111654	      -6.1996140	      -5.7347025	       0.5674696	      -5.9357908
Male	50+	Pancreas	1	0	19	2	17	       0.0056689	      -7.8072555	      -7.8072555	       0.0000000	      -7.8072555
Male	50+	Pancreas	2	1	19	4	15	       0.0046435	      -7.6968475	      -7.5418771	       0.1808869	      -7.6688154
Male	50+	Pancreas	3	2	19	6	13	       0.0045700	      -7.4028527	      -7.0929118	       0.2543808	      -7.3240097
Male	50+	Pancreas	4	3	19	8	11	       0.0043966	      -7.1315928	      -6.6666814	       0.8294347	      -6.7459792
